-17.149056869854093
-14.707433137897931
-13.880237578278823
-15.649109260238125
-15.566551871534184
-17.900502810614846
-17.014591915516533
-16.920509270071285
-14.861368843279624
-14.34669333855803
-17.040384228407873
-18.644931833517752
-13.949075048173997
-16.306434617137008
-15.80920812359868
-16.097780271951656
-15.532087159854086
-16.261262358319904
-12.456641623669597
-15.455301543279624
-17.209606267196627
-14.840176856482895
-14.571358819389435
-18.109945569635652
-17.180396151490342
-14.439445226639812
-16.057060548730806
-16.16253056726791
-16.913092876378705
-15.97703694183765
-15.510245896840775
-13.295165660334977
-15.731432740986243
-16.846733086393407
-18.477628921602257
-17.283844369171362
-15.8860581814364
-19.96930615678238
-17.977440765507254
-14.707433137897931
-15.566551871534184
-14.861368843279624
-14.34669333855803
-15.823346244764144
-18.253669458967458
-13.949075048173997
-16.306434617137008
-15.80920812359868
-16.097780271951656
-17.388047385372598
-25.056844585716235
-13.92835003336019
-18.461414815837614
-16.430858258339
-15.303443614256729
-17.09392444387293
-16.488204226891373
-14.851144503279624
-11.370797140602278
-16.15012752687521
-14.571358819389435
-16.55775870298775
-17.180396151490342
-14.897896689708176
-11.852279873669595
-15.833869823373742
-16.57773987633506
-16.25894659743475
-15.6865671464939
-16.913092876378705
-15.97703694183765
-16.184612437196627
-18.413477336488466
-16.87120800485709
-16.78249804
-14.573136086877938
-18.5929902120118
-15.478545281951657
-16.958718550170374
-18.95241371289986
-16.290605572235364
-14.864147662593801
-17.47567305769749
-18.09629992298775
-16.795349158261516
-17.468101205879087
-11.810405804768742
