-5.222000000000117126e+01
-1.204000000000086779e+01
3.312999999999738776e+01
-4.299999999995636202e+00
1.200000000000000000e+01
-1.994999999999708251e+01
0.000000000000000000e+00
-2.706299999999973807e+02
0.000000000000000000e+00
-6.999999999971065479e-02
2.000000000000000000e+00
0.000000000000000000e+00
0.000000000000000000e+00
-1.324000000000523158e+01
-1.996999999999388820e+01
-3.199999999189814901e-03
0.000000000000000000e+00
-1.800979999999980308e+01
0.000000000000000000e+00
-7.110000000000590070e+00
-8.919999999998251994e+00
0.000000000000000000e+00
-9.087630000001817976e+00
-3.198310000000493147e+01
-1.101545999999508041e+01
2.031719999999039405e+00
9.887000000017014401e-01
-1.115471999999863506e+01
-4.940000000002326530e+00
-5.500000000029167113e-01
7.940199999997268776e+00
-1.018479999998819441e+00
0.000000000000000000e+00
-5.049200000001296651e+00
-1.005929999999351843e+00
-1.594900000000052032e+01
-2.289719999999943312e+01
6.669999999998251994e+00
2.346800000000002910e+02
-1.204000000000086779e+01
1.200000000000000000e+01
0.000000000000000000e+00
-6.999999999971065479e-02
1.980000000003206084e+00
8.499999999985416999e-01
0.000000000000000000e+00
-1.324000000000523158e+01
-1.996999999999388820e+01
-3.199999999189814901e-03
-6.580000000001748006e+00
-8.591100006018518101e-03
-8.979999999995925464e+00
-9.109500000049652879e-01
-6.141229999993819355e+00
-7.951000000000925994e+00
-7.230000000003205862e+00
-3.089999998333333494e-03
-6.970000000001168594e+00
0.000000000000000000e+00
-9.800000000031944269e-01
-9.087630000001817976e+00
0.000000000000000000e+00
-1.101545999999508041e+01
5.650000006423611283e-03
-5.021240000001851556e+00
1.968170000000104114e+00
-1.671999999962962835e-02
1.127009999996516187e+00
3.010000000358796415e-03
-4.940000000002326530e+00
-5.500000000029167113e-01
8.840300000010763437e-01
3.010000000358796415e-03
-9.030029999994443557e+00
-7.959999999999120668e+00
4.880000000416666490e-03
-2.068999999995868144e+00
0.000000000000000000e+00
0.000000000000000000e+00
0.000000000000000000e+00
0.000000000000000000e+00
2.970000000001169038e+00
-8.338999999999941792e+00
-1.488000000000465306e+01
-1.022999999999592546e+01
-1.190899999999964187e+01
1.717865999999994528e+02
