/
/
-17.999100000000915	1.4870000000000019
-17.51310000000376	0.8680000000000021
-17.011100000003356	1.3850000000000016
-16.51310000000376	0.9770000000000003
-13.999100000000915	1.2340000000000018
-13.513100000003762	0.833000000000002
-13.006100000005972	1.1449999999999996
-12.513100000003762	0.958000000000002
-12.008100000006388	0.9969999999999999
-11.513100000003762	0.7170000000000023
-11.007100000002547	0.9149999999999991
-10.513100000003762	0.6440000000000019
-10.017100000004584	0.8740000000000023
-9.0231000000058	0.8900000000000006
-8.533100000000568	0.5509999999999984
-7.013100000003762	0.9179999999999993
-6.523100000005798	0.6070000000000029
-6.012099999999919	0.8309999999999995
-5.523100000005798	0.5460000000000029
-5.423099999999977	0.5579999999999998
-5.02710000000662	0.7970000000000006
-4.523100000005798	0.46199999999999974
-4.463100000000856	0.3930000000000007
-3.9871000000057406	0.5380000000000003
-3.4930999999996875	0.7200000000000024
-3.4230999999999767	0.8580000000000005
-2.000100000004757	0.5460000000000029
-1.433100000002014	0.3450000000000024
-1.0211000000053936	0.6560000000000024
-0.5331000000005671	0.0
-0.4631000000008565	0.375
0.07389999999576388	0.541999999999998
0.48689999999623845	0.402000000000001
0.5668999999979861	0.28200000000000003
0.989899999993206	0.610000000000003
1.4868999999962385	0.31700000000000017
1.9868999999962385	0.6380000000000017
2.476899999994201	0.3420000000000023
2.977899999998044	0.5150000000000006
3.4668999999994328	0.18100000000000094
3.977899999998044	0.3780000000000001
4.466899999999433	0.16600000000000037
9.987900000000081	0.4210000000000029
10.4768999999942	0.15200000000000102
13.986899999996238	0.35300000000000153
14.4768999999942	0.14300000000000068
15.987900000000081	0.583000000000002
16.476899999994203	0.18299999999999983
16.99189999999361	0.5449999999999982
17.476899999994203	0.38500000000000156
25.993899999994028	0.9320000000000022
/
9.41900000000169	0.028999999999999915
10.416000000004722	0.0
14.40800000000309	0.09499999999999886
15.406000000002685	0.027000000000001023
16.416000000004722	0.17300000000000182
17.40299999999844	0.19899999999999807
18.398999999997617	0.2579999999999991
19.398000000001055	0.23199999999999932
25.402000000001863	0.4710000000000001
30.381999999997788	0.6589999999999989
31.349999999998552	0.6969999999999992
32.36800000000222	0.8470000000000013
39.300999999999476	0.9529999999999994
42.289000000004314	1.0499999999999972
45.313999999998494	1.1280000000000001
46.3050000000003	1.2509999999999977
47.31700000000274	1.2250000000000014
48.32400000000053	1.1869999999999976
49.28300000000309	1.2459999999999987
50.26299999999902	1.235999999999997
51.28500000000349	1.283999999999999
52.292999999997846	1.2920000000000016
53.24500000000263	1.2999999999999972
54.2589999999982	1.3419999999999987
55.24799999999959	1.3620000000000019
57.292999999997846	1.4810000000000016
58.27999999999884	1.4570000000000007
62.27200000000449	1.6789999999999985
63.234000000004016	1.6550000000000011
64.23200000000361	1.6370000000000005
65.24599999999919	1.7070000000000007
66.25300000000426	1.7619999999999987
67.23300000000019	1.6419999999999995
68.38999999999942	1.7409999999999997
69.26099999999862	1.846
70.23600000000444	1.9109999999999996
71.2170000000042	1.814
72.20500000000175	1.8259999999999987
73.24199999999838	1.943999999999999
74.1929999999993	1.9469999999999992
75.22000000000116	1.940999999999999
77.19200000000275	2.014999999999999
78.21300000000338	2.0779999999999994
80.40299999999844	2.129999999999999
81.24199999999838	2.1209999999999987
83.18200000000071	2.235999999999999
84.20700000000215	2.119999999999999
85.19700000000012	2.174999999999999
87.1889999999985	2.378
95.16100000000006	2.42
100.13900000000285	2.491999999999999
101.13399999999821	2.629999999999999
102.14600000000065	2.609
109.12900000000083	2.674999999999999
110.14500000000407	2.863999999999999
111.1050000000032	2.817
112.10800000000019	2.8359999999999985
114.12099999999919	2.914999999999999
115.09700000000157	2.933
116.099000000002	2.933
118.1889999999985	2.9319999999999986
123.25600000000122	3.0919999999999987
127.19900000000054	3.2029999999999994
137.12800000000425	3.426
146.08400000000256	3.724999999999998
168.04699999999866	4.215
/
/
0.9990000000034259	0.0
7.968000000000752	0.47100000000000364
9.025999999998021	0.5690000000000026
10.978000000002789	0.7899999999999991
14.965000000003773	1.1069999999999993
19.932999999997257	1.6670000000000016
20.94099999999889	1.6990000000000016
21.9230000000025	1.6380000000000017
22.94600000000354	1.8539999999999992
23.92399999999906	1.7090000000000032
24.921999999998658	1.7319999999999993
25.913000000000462	1.9780000000000015
26.913000000000462	1.9179999999999993
27.917999999997846	1.865000000000002
28.917999999997846	1.9400000000000013
29.93499999999766	1.9530000000000012
30.95999999999912	1.9190000000000005
32.94099999999889	1.7150000000000034
34.953999999997905	1.7169999999999987
35.91599999999743	1.7700000000000031
36.90499999999883	1.711000000000002
37.883999999998196	1.7000000000000028
38.875	1.6750000000000007
39.883999999998196	1.6750000000000007
40.88199999999778	1.7280000000000015
42.97299999999814	1.586000000000002
43.86400000000139	1.6400000000000006
44.858000000000175	1.6140000000000008
48.84900000000198	1.397000000000002
49.84599999999772	1.3100000000000023
50.83800000000337	1.370000000000001
51.83699999999953	1.2190000000000012
53.83000000000174	1.1510000000000034
54.83299999999871	1.158999999999999
55.824000000000524	1.1219999999999999
56.92900000000372	1.0840000000000032
57.855000000003194	1.0040000000000013
59.81399999999849	0.8430000000000035
60.819000000003136	0.9059999999999988
61.81700000000273	0.838000000000001
62.80600000000413	0.8930000000000007
64.82100000000354	0.8400000000000034
65.80500000000029	0.8430000000000035
68.93699999999808	0.8880000000000017
69.78800000000047	0.8580000000000005
70.82600000000093	0.8560000000000016
71.85599999999975	0.934000000000001
73.78900000000431	0.9269999999999996
75.7870000000039	0.9890000000000008
78.83200000000215	1.0570000000000022
79.7609999999986	1.1189999999999998
80.76699999999983	1.1529999999999987
81.77799999999843	1.2070000000000007
83.75200000000041	1.2550000000000026
84.75499999999737	1.2890000000000015
87.77000000000407	1.4160000000000004
89.73700000000099	1.4050000000000011
94.72600000000239	1.5429999999999993
95.72600000000239	1.5080000000000027
96.73799999999754	1.6110000000000007
103.70100000000093	1.7700000000000031
107.72899999999935	1.9050000000000011
118.71199999999953	2.320000000000004
119.7300000000032	2.166000000000004
120.85300000000278	2.3320000000000043
126.75200000000042	2.2760000000000034
127.6860000000015	2.418000000000003
128.66799999999785	2.663000000000004
131.6620000000039	2.546000000000003
132.7039999999979	2.6560000000000024
135.6840000000011	2.714000000000002
136.68100000000413	2.6300000000000026
137.66000000000346	2.8400000000000034
139.7059999999983	2.8430000000000035
140.69600000000355	2.9570000000000043
141.6949999999997	2.7890000000000015
142.6929999999993	2.8100000000000023
144.6640000000043	3.0280000000000022
147.76900000000023	3.105000000000004
148.6229999999996	3.0070000000000014
149.79400000000166	3.0880000000000045
150.73799999999756	3.2770000000000046
151.63500000000204	3.1780000000000044
152.625	3.1600000000000037
153.6319999999978	3.011000000000003
154.6270000000004	3.111000000000004
/
/
-13.404999999998843	1.338000000000001
-11.422999999995232	0.9830000000000023
-3.4609999999956944	0.2870000000000008
-1.5309999999954051	0.0
0.4890000000014005	0.4610000000000021
1.550000000002905	0.11700000000000088
7.471000000005	0.27500000000000213
8.469000000004595	0.1670000000000016
10.42599999999948	0.12500000000000178
11.528000000005706	0.32700000000000173
17.446000000003554	0.20500000000000185
20.491000000001804	0.5560000000000009
24.493000000002212	0.8470000000000013
26.471000000005	0.6590000000000025
28.49700000000302	0.809000000000001
30.46300000000338	0.6760000000000019
35.450000000004366	0.9700000000000024
38.44099999999889	1.160000000000002
40.43700000000536	1.133000000000001
43.42000000000553	1.4520000000000017
47.37800000000425	1.4860000000000024
49.38400000000547	1.4220000000000024
51.40100000000529	1.3800000000000008
52.38600000000588	1.2640000000000011
60.367000000005646	1.7940000000000023
63.41600000000471	1.9360000000000017
65.40000000000146	1.929000000000002
85.38200000000506	2.5100000000000016
86.4340000000011	2.714000000000002
97.35399999999936	3.4040000000000017
234.7060000000056	5.339000000000002
240.70400000000518	5.879000000000005
/
/
/
/
/
/
/
-7.9199999999982635	0.7689999999999984
-7.910000000003495	0.6880000000000024
-4.980000000003206	0.43200000000000216
-4.970000000001169	0.402000000000001
-3.989999999997963	0.365000000000002
-3.980000000003206	0.35900000000000176
-2.0400000000008798	0.2839999999999989
-2.0299999999988425	0.1930000000000014
1.040000000000868	0.09799999999999898
1.049999999995625	0.05799999999999983
2.989999999997963	0.1559999999999988
3.0	0.09799999999999898
5.0	0.0940000000000012
5.0	0.12700000000000244
5.979999999995926	0.02400000000000091
5.989999999997963	0.038000000000000256
8.019999999996793	0.015999999999998238
8.02999999999883	0.0
15.019999999996793	0.13200000000000145
15.019999999996793	0.1390000000000029
18.940000000002325	0.22800000000000153
18.949999999997083	0.23799999999999955
22.019999999996795	0.33100000000000307
22.019999999996795	0.3460000000000001
26.0	0.45000000000000284
26.010000000002037	0.46799999999999997
29.0	0.5350000000000001
29.0	0.559000000000001
32.88999999999941	0.6129999999999995
32.88999999999941	0.6550000000000011
35.94999999999708	0.7010000000000005
35.94999999999708	0.7390000000000008
40.93000000000029	0.892000000000003
40.94000000000233	0.8610000000000007
44.869999999995336	0.9980000000000011
44.87999999999737	0.972999999999999
50.87999999999737	1.213000000000001
50.88999999999941	1.1940000000000026
61.87999999999737	1.3989999999999974
61.88999999999941	1.5060000000000002
64.84999999999854	1.5990000000000002
64.86000000000058	1.564
66.87999999999737	1.7240000000000002
78.86999999999533	1.9179999999999993
78.87999999999737	1.8879999999999981
86.83999999999651	2.0619999999999976
86.84999999999854	2.110999999999997
/
-17.75100000000384	1.9699999999999953
-16.69099999999889	1.4899999999999949
-15.681000000004133	1.4199999999999946
-14.681000000004133	1.3199999999999967
-13.641000000003253	1.2299999999999969
-12.681000000004133	1.1299999999999955
-11.701000000000926	0.9899999999999984
-10.7609999999986	0.8200000000000003
-9.701000000000926	0.6799999999999997
-8.671000000002095	0.5799999999999983
-7.711000000002963	0.4399999999999977
-6.671000000002095	0.389999999999997
4.16900000000169	0.029999999999997584
6.2390000000014005	0.0
12.178999999996458	0.029999999999997584
15.218999999997326	0.12999999999999545
16.19900000000053	0.14999999999999858
17.228999999999363	0.1599999999999966
/
-5.845600000000567	0.7859999999999978
-5.83559999999853	0.7010000000000005
-0.825599999996493	0.2579999999999991
-0.825599999996493	0.2729999999999997
0.26640000000042824	0.33200000000000074
2.2373999999981597	0.13899999999999935
5.074399999997685	0.05600000000000094
5.0843999999997225	0.045999999999999375
7.144399999997396	0.038999999999997925
7.154399999999433	0.0
9.154399999999432	0.047999999999998266
9.16440000000147	0.012000000000000455
11.328399999998506	0.18100000000000094
13.301400000003923	0.07700000000000173
14.174400000003507	0.13599999999999923
14.184399999998275	0.120000000000001
24.21240000000398	0.45899999999999963
32.35839999999734	0.7260000000000026
33.33840000000055	0.6479999999999997
37.15039999999862	0.7989999999999995
38.191400000003334	0.9450000000000003
39.28240000000368	0.9209999999999994
40.23240000000077	1.0269999999999975
42.154399999999434	0.8279999999999994
42.16440000000147	1.096
42.23240000000077	0.9130000000000003
43.16840000000229	0.9559999999999995
45.16939999999885	0.9049999999999976
46.23739999999816	1.0760000000000005
47.22439999999914	1.2669999999999995
48.14340000000083	0.9179999999999993
53.17440000000351	1.1219999999999999
54.129399999997986	1.1089999999999982
55.09440000000176	1.4489999999999998
55.1044000000038	1.4220000000000006
55.156399999999834	1.3209999999999997
56.14240000000427	1.327
57.196400000000715	1.2940000000000005
58.124400000000605	1.346
59.1443999999974	1.5050000000000008
61.11540000000241	1.5269999999999992
62.10540000000037	1.581000000000003
64.09939999999915	1.5550000000000033
69.10440000000379	1.6880000000000024
69.11439999999857	1.6670000000000016
75.13840000000344	2.030000000000001
76.0913999999975	1.828000000000003
82.10440000000379	2.1030000000000015
83.10440000000379	2.080000000000002
89.07839999999851	2.3080000000000034
91.06940000000031	2.3590000000000018
101.03040000000327	2.732000000000003
102.13840000000344	2.474
103.04039999999804	2.831000000000003
108.05539999999745	2.802000000000003
108.90439999999944	2.2580000000000027
108.90439999999944	2.4780000000000015
118.99440000000321	2.831000000000003
/
-8.173199999997454	0.7800000000000011
-7.259200000000428	0.6469999999999985
-6.256199999996169	0.6049999999999969
-5.222199999996528	0.5009999999999977
-2.15320000000066	0.14499999999999957
-1.150199999996412	0.20199999999999818
0.7808000000004514	0.16400000000000148
3.751799999998183	0.09499999999999886
8.675799999997245	0.0
14.664799999998646	0.23100000000000165
16.72980000000097	0.2569999999999979
21.712800000001145	0.24199999999999733
22.702799999999108	0.4089999999999989
23.64080000000103	0.4869999999999983
24.748800000001204	0.46799999999999997
25.662799999998242	0.4989999999999988
26.733800000001793	0.5450000000000017
27.6698000000033	0.5439999999999969
30.697800000001724	0.597999999999999
31.648800000002662	0.6890000000000001
32.72879999999713	0.6340000000000003
33.663800000002084	0.6890000000000001
35.72879999999713	0.7539999999999978
37.711799999997304	0.8039999999999985
38.64680000000226	0.8939999999999984
39.704799999999516	0.8389999999999986
40.704799999999516	0.843
41.63979999999719	1.0899999999999999
42.69980000000214	0.9339999999999975
43.642800000001436	1.0
44.70679999999993	0.945999999999998
45.73380000000179	0.9519999999999982
46.65480000000389	0.9179999999999993
47.62879999999859	1.036999999999999
48.57779999999911	0.9529999999999994
52.55980000000272	1.100999999999999
54.681799999998475	1.2539999999999978
56.748800000001204	1.3039999999999985
61.655800000000454	1.4430000000000014
66.68480000000272	1.3699999999999974
76.6718000000037	1.7910000000000004
80.64280000000143	1.9030000000000022
83.56580000000395	2.1630000000000003
96.59679999999933	2.2920000000000016
/
-4.977999999995521	1.195999999999998
-3.004999999997384	0.7129999999999974
-2.0179999999964005	0.3639999999999972
-1.0149999999994213	0.21999999999999886
-0.01799999999640046	0.11699999999999733
5.0069999999977775	0.0
/
-6.088999999999942	0.6630000000000003
-5.0659999999989	0.6009999999999991
-4.064999999995058	0.34399999999999764
-3.0499999999956366	0.4529999999999994
-0.8469999999943055	0.33899999999999864
-0.042999999997847226	0.14199999999999946
1.1419999999998147	0.21699999999999875
2.0360000000000578	0.2629999999999981
4.1030000000027895	0.24599999999999866
5.010000000002037	0.1479999999999997
6.030000000006111	0.09999999999999787
7.029000000002268	0.2940000000000005
8.16200000000389	0.22499999999999787
9.141000000003253	0.0
12.977000000006226	0.27099999999999724
13.944999999999698	0.18099999999999739
16.96700000000419	0.11299999999999955
18.101000000002383	0.1579999999999977
29.098000000005406	0.5069999999999979
30.081000000005577	0.48499999999999943
30.9340000000011	0.5700000000000003
31.90100000000529	0.5309999999999988
38.02100000000063	0.5189999999999984
39.06200000000535	0.6709999999999994
42.006000000001215	0.666999999999998
42.971000000005	0.8930000000000007
43.950000000004366	0.9130000000000003
44.99600000000646	1.0030000000000001
46.01800000000366	1.1129999999999995
47.03900000000431	0.8029999999999973
50.013000000006286	0.9639999999999986
50.99000000000523	1.0109999999999992
/
/
-1.0	0.6500000000000004
6.0	0.620000000000001
11.0	0.41999999999999993
16.099999999998552	0.23000000000000043
26.89999999999419	0.14000000000000057
32.0	0.0799999999999983
37.899999999994186	0.05000000000000071
42.899999999994186	0.0799999999999983
59.0	0.019999999999999574
64.0	0.019999999999999574
70.8999999999942	0.0
83.8999999999942	0.03999999999999915
89.0	0.07000000000000028
/
-2.974000000001979	0.35600000000000165
-1.942999999999294	0.2240000000000002
0.03899999999703704	0.5120000000000005
4.036000000000058	0.11100000000000065
8.031999999999247	0.3569999999999993
10.000999999996575	0.120000000000001
12.06199999999808	0.40800000000000125
13.008999999998206	0.021000000000000796
14.003999999993543	0.15800000000000125
16.033999999999654	0.045000000000001705
19.092999999993484	0.16900000000000048
19.95499999999448	0.0
22.942999999999305	0.2259999999999991
26.979999999995925	0.3000000000000007
29.00299999999698	0.629999999999999
31.002000000000418	0.5150000000000006
32.00999999999477	0.625
33.993999999998785	0.9480000000000004
36.99199999999838	0.4289999999999985
40.953999999997905	0.4770000000000003
45.95299999999406	0.8730000000000011
48.06299999999465	0.9830000000000005
57.002000000000415	0.4920000000000009
62.9719999999943	0.6089999999999982
67.92099999999482	0.6230000000000011
72.95099999999366	0.8709999999999987
75.041999999994	0.754999999999999
77.80199999999604	1.3539999999999992
101.89199999999983	1.9649999999999999
/
-6.459000000002558	0.46000000000000085
-0.43100000000413197	0.018000000000000682
0.5419999999940046	0.0
21.50799999999435	0.06199999999999761
27.49599999999919	0.21699999999999875
31.48599999999715	0.33999999999999986
32.48999999999796	0.39099999999999824
33.52100000000065	0.4209999999999994
34.51099999999861	0.44399999999999906
35.427999999999884	0.48300000000000054
36.438999999998494	0.4750000000000014
38.48500000000059	0.5360000000000014
39.51299999999902	0.5189999999999984
40.51099999999861	0.5760000000000005
41.48500000000059	0.5990000000000002
42.49799999999959	0.6730000000000018
47.464999999996515	0.7910000000000004
48.49699999999575	0.8019999999999996
56.471999999994296	0.9380000000000024
66.48700000000099	1.1479999999999997
/
-1.1100000000005903	0.16499999999999915
2.8199999999997107	0.0
2.8199999999997107	0.0
3.7999999999956366	0.026000000000003354
14.77999999999883	0.045000000000001705
14.790000000000868	0.045000000000001705
25.799999999995638	0.33200000000000074
25.809999999997675	0.3719999999999999
28.79000000000087	0.4350000000000023
28.799999999995638	0.4490000000000016
44.729999999995925	0.788000000000002
44.73999999999796	0.8000000000000007
343.93099999999686	2.753
/
/
0.029999999998831017	0.08200000000000074
0.040000000000868056	0.0
3.019999999996794	0.022999999999999687
3.029999999998831	0.012999999999998124
10.989999999997963	0.055999999999997385
11.0	0.03900000000000148
12.009999999994758	0.05799999999999983
12.009999999994758	0.07499999999999929
23.949999999997083	0.32099999999999795
23.949999999997083	0.3230000000000004
99.93999999999505	1.727999999999998
101.94199999999546	2.3979999999999997
102.98099999999977	1.8219999999999992
104.96600000000035	2.5920000000000023
105.91100000000004	2.222999999999997
106.97099999999773	2.2540000000000013
107.96899999999731	2.282
109.89299999999639	2.4130000000000003
116.91799999999785	2.0599999999999987
117.94999999999709	2.347999999999999
139.85299999999552	2.7089999999999996
145.8309999999983	3.0390000000000015
146.80199999999604	2.434000000000001
147.82299999999665	2.690999999999999
160.81399999999846	3.657
/
/
-6.9847399999998725	0.8729999999999976
-5.995740000005752	0.9809999999999981
-4.9777400000020835	0.657
-2.999740000006574	0.8359999999999985
-2.007740000000926	0.8019999999999996
7.063259999995347	0.2749999999999986
13.081259999999016	0.2530000000000001
13.981260000000475	0.04299999999999926
15.952259999998207	0.0
17.146259999994076	0.13400000000000034
17.937259999998783	0.18099999999999739
20.007259999998496	0.10899999999999821
20.942259999996168	0.3379999999999974
21.929259999997154	0.1769999999999996
23.078259999994767	0.24299999999999855
24.114259999994825	0.42499999999999716
24.952259999998205	0.1720000000000006
25.981260000000475	0.38700000000000045
26.914259999997732	0.46799999999999997
27.9132599999939	0.32399999999999807
28.920259999998958	0.23699999999999832
29.905259999999537	0.46999999999999886
30.954259999998612	0.33899999999999864
32.20725999999558	0.4220000000000006
33.048259999995935	0.4480000000000004
37.14225999999325	0.6239999999999988
38.02325999999448	0.565999999999999
41.04625999999552	0.625
44.99025999999867	0.6129999999999995
48.99425999999948	0.6329999999999991
/
-13.87180000000081	1.9700000000000024
-5.861799999998773	0.6189999999999998
-4.861799999998773	0.5279999999999987
-1.881799999995567	0.2710000000000008
3.1182000000044328	0.036000000000001364
4.12819999999919	0.0
5.12819999999919	0.09900000000000375
6.118200000004433	0.09600000000000364
7.118200000004433	0.10500000000000043
8.118200000004434	0.125
11.118200000004434	0.12199999999999989
19.098200000000357	0.30900000000000105
25.118200000004432	0.43200000000000216
29.088200000005603	0.7260000000000009
34.0882000000056	0.7780000000000005
/
/
-0.9219000000011806	0.21399999999999864
-0.9119000000064236	0.26899999999999835
5.128099999994456	0.0
5.138099999996493	0.07199999999999562
12.158100000000568	0.11299999999999955
12.158100000000568	0.13799999999999812
15.098099999995613	0.14099999999999824
15.10809999999765	0.17799999999999727
23.128099999994458	0.39399999999999835
23.13809999999649	0.39899999999999736
30.098099999995615	0.597999999999999
30.108099999997652	0.5929999999999964
67.96809999999824	1.7289999999999992
67.96809999999824	1.759999999999998
/
/
-10.16472000000067	0.8879999999999981
-10.154719999998635	0.8550000000000004
-3.154719999998634	0.2699999999999996
-3.1447199999965973	0.24899999999999878
4.815280000002534	0.021999999999998465
4.825280000004572	0.0
11.795280000005741	0.06899999999999906
20.735280000000788	0.4559999999999995
20.755280000004863	0.541999999999998
32.72528000000603	0.6129999999999995
/
-7.930000000000289	0.5330000000000013
-7.919999999998252	0.5450000000000017
-6.959999999999121	0.43200000000000216
-6.949999999997083	0.48400000000000176
-1.989999999997963	0.23799999999999955
-1.979999999995926	0.12100000000000222
3.0	0.0
3.010000000002037	0.02500000000000213
19.0	0.22100000000000009
19.0	0.2920000000000016
29.940000000002325	0.5820000000000007
29.950000000004362	0.5300000000000011
33.950000000004366	0.6219999999999999
33.959999999999134	0.5519999999999996
66.88000000000466	1.2910000000000004
66.88999999999942	1.2890000000000015
/
/
-3.939200000000706	0.3550000000000004
-3.939200000000706	0.3999999999999986
0.05079999999725694	0.3539999999999992
0.06079999999929398	0.4089999999999989
3.0408000000024886	0.0519999999999996
3.050799999997257	0.036999999999999034
12.020799999998415	0.0
12.040800000002488	0.062000000000001165
26.990799999999584	0.4800000000000004
27.00080000000162	0.527000000000001
30.96080000000074	0.7379999999999995
45.93080000000191	1.2779999999999987
45.93080000000191	1.3919999999999995
/
/
-0.7079999999987153	0.006999999999997897
0.29200000000128473	0.03499999999999659
3.272000000004491	0.1980000000000004
8.27200000000449	0.08200000000000074
11.292000000001284	0.1980000000000004
12.27200000000449	0.0
13.27200000000449	0.34499999999999886
14.262000000002454	0.1739999999999995
15.27200000000449	0.44099999999999895
16.252000000000418	0.38599999999999923
17.262000000002455	0.3269999999999982
21.262000000002455	0.9159999999999968
27.262000000002455	1.0169999999999995
29.262000000002455	1.0139999999999993
31.252000000000418	1.573999999999998
/
-7.120000000002616	0.2759999999999998
6.790000000000879	0.19500000000000028
6.800000000002917	0.0
9.909999999996215	0.06500000000000128
9.919999999998252	0.14199999999999946
13.909999999996215	0.23499999999999943
19.86000000000059	0.3039999999999985
19.86000000000059	0.5259999999999998
26.849999999998552	0.6900000000000013
26.849999999998552	0.8850000000000016
/
-22.919999999998254	1.402000000000001
-22.909999999996217	1.399000000000001
-21.909999999996217	1.350999999999999
-21.89999999999418	1.3129999999999953
-21.869999999995347	1.0889999999999986
-19.879999999997384	1.1639999999999944
-17.879999999997384	0.7209999999999965
-14.959999999999132	0.8119999999999976
-14.949999999997095	0.8129999999999953
-12.879999999997384	0.8429999999999964
-8.889999999999421	0.7669999999999959
-7.909999999996216	0.9359999999999999
-6.899999999994178	0.8049999999999997
-5.909999999996216	0.39799999999999613
-4.919999999998252	0.46699999999999875
-3.8999999999941783	0.48499999999999943
-2.9399999999950577	0.5169999999999959
-1.939999999995058	0.44599999999999795
-0.9799999999959259	0.42299999999999827
-0.9700000000011689	0.4239999999999995
0.06000000000494213	0.242999999999995
4.069999999999711	0.14499999999999602
4.990000000005232	0.2839999999999989
4.990000000005232	0.2909999999999968
6.029999999998831	0.0
10.02999999999883	0.27699999999999747
12.060000000004942	0.19599999999999795
13.050000000002905	0.2049999999999983
15.02999999999883	0.24399999999999977
17.010000000002037	0.3509999999999991
17.020000000004075	0.2749999999999986
18.06000000000494	0.08599999999999852
22.04000000000087	0.4089999999999989
23.04000000000087	0.11299999999999955
24.04000000000087	0.27599999999999625
25.95999999999912	0.4129999999999967
25.970000000001157	0.38299999999999557
29.10000000000582	0.17899999999999494
/
26.81300000000192	0.0730000000000004
27.78299999999581	0.0
28.803999999996446	0.021999999999998465
29.803999999996446	0.10000000000000142
31.783999999999654	0.22800000000000153
32.80999999999767	0.3249999999999993
34.802999999999884	0.32399999999999807
35.820999999996275	0.3500000000000014
36.81899999999587	0.570999999999998
37.780999999995394	0.48900000000000077
38.780999999995394	0.3329999999999984
39.826000000000924	0.35600000000000165
40.78299999999581	0.4269999999999996
41.765999999995984	0.39000000000000057
46.7719999999972	0.6050000000000004
47.77100000000063	0.5219999999999985
48.76999999999679	0.8779999999999966
49.76499999999941	0.7449999999999974
50.76799999999639	0.9809999999999981
51.762999999999	0.9539999999999971
52.78499999999622	0.7490000000000023
54.73999999999796	0.7379999999999995
73.80599999999686	1.7089999999999996
75.79299999999785	1.485999999999997
81.83099999999831	1.658999999999999
/
-8.016779999998114	0.35300000000000153
-8.016779999998114	0.4280000000000008
-6.056779999998981	0.18400000000000105
-6.046779999996945	0.2010000000000005
-1.096779999999861	0.0010000000000012221
-1.096779999999861	0.08599999999999852
2.9032200000001387	0.0
2.913220000002176	0.027000000000001023
/
