-19.310406689635652
-17.7313348
-17.928187008558034
-16.013924080489687
-17.714681169171364
-17.356234439854084
-17.1516538736696
-17.517175539854087
-19.316991414878323
-18.493516571490343
-16.31577747839119
-18.70153392637871
-18.074941469171364
-16.715648013279626
-17.247983213279625
-18.027574166052148
-16.647200125516534
-16.992602139854085
-17.90072614726791
-17.812894403872928
-17.584100926393404
-18.78082297698593
-18.19690748927074
-17.732314485211276
-17.457224099389435
-17.60500845821072
