-6.580000000001748	1.6590000000000025
-6.580000000001748	1.7900000000000027
-5.620000000002616	1.2410000000000032
-5.620000000002616	1.3700000000000045
-4.629999999997384	0.9790000000000028
-4.629999999997384	1.110000000000003
-4.300000000002905	1.0900000000000034
-4.019999999996794	1.0300000000000011
-4.019999999996794	1.0311000000000021
-3.949999999997095	0.980000000000004
-3.629999999997384	0.7970000000000041
-3.629999999997384	0.9200000000000017
-3.0599999999976735	0.8891000000000027
-3.0599999999976735	0.8900000000000006
-3.019999999996794	0.8100000000000023
-2.949999999997095	0.8300000000000018
-2.629999999997384	0.6780000000000044
-2.629999999997384	0.8100000000000023
-2.5999999999985417	0.8400000000000034
-2.550000000002905	0.5800000000000018
-1.8899999999994213	0.6300000000000026
-1.6200000000026158	0.5640000000000001
-1.6200000000026158	0.6900000000000048
-1.550000000002905	0.4700000000000024
-1.040000000000868	0.9300000000000033
-1.029999999998831	0.626100000000001
-1.029999999998831	0.6300000000000026
-0.6299999999973842	0.44300000000000495
-0.6299999999973842	0.5700000000000003
-0.5899999999965047	0.5900000000000034
-0.029999999998831017	0.5661000000000023
-0.029999999998831017	0.5700000000000003
0.029999999998831017	0.7900000000000027
0.37999999999738426	0.3440000000000012
0.37999999999738426	0.4700000000000024
0.699999999997095	0.43000000000000327
0.8700000000026158	0.4200000000000017
0.8700000000026158	0.4200000000000017
0.989999999997963	0.7700000000000031
1.6900000000023263	0.37000000000000455
1.8600000000005787	0.38000000000000256
1.8600000000005787	0.38000000000000256
2.0	0.6700000000000017
2.3300000000017476	0.6400000000000006
3.0599999999976735	0.19000000000000483
3.379999999997384	0.20000000000000284
3.379999999997384	0.33000000000000185
3.3899999999994215	0.3400000000000034
3.9100000000034956	0.25
3.9100000000034956	0.25
3.9599999999991318	0.3200000000000003
4.379999999997384	0.1670000000000016
4.379999999997384	0.2900000000000027
4.3899999999994215	0.2900000000000027
5.050000000002905	0.360000000000003
5.379999999997384	0.17700000000000315
5.379999999997384	0.30000000000000426
6.0599999999976735	0.14000000000000057
6.379999999997384	0.13700000000000045
6.379999999997384	0.2600000000000051
6.680000000000289	0.240000000000002
6.900000000001459	0.22000000000000242
6.900000000001459	0.22000000000000242
7.069999999999711	0.2600000000000051
7.379999999997384	0.18200000000000216
7.379999999997384	0.2700000000000031
7.379999999997384	0.3100000000000023
7.989999999997963	0.5600000000000023
8.019999999996793	0.28000000000000114
8.519999999996793	0.28000000000000114
8.81999999999971	0.240000000000002
8.81999999999971	0.240000000000002
9.0	0.30000000000000426
9.360379999998264	0.0
9.379999999997384	0.20500000000000185
9.379999999997384	0.33000000000000185
9.389999999999421	0.3500000000000014
9.5	0.30000000000000426
10.0	0.3100000000000023
10.379999999997384	0.23100000000000165
10.379999999997384	0.360000000000003
10.5	0.3100000000000023
10.959999999999132	0.31810000000000116
10.959999999999132	0.3200000000000003
10.97000000000117	0.2900000000000027
10.97000000000117	0.29010000000000247
10.97000000000117	0.3091000000000008
10.97000000000117	0.3100000000000023
11.0	0.3400000000000034
11.050000000002905	0.3500000000000014
11.5	0.3400000000000034
12.050000000002905	0.4100000000000037
12.150000000001459	0.37000000000000455
12.379999999997384	0.2900000000000027
12.419999999998252	0.3400000000000034
12.650000000001459	0.37000000000000455
12.830000000001748	0.360000000000003
12.830000000001748	0.360000000000003
12.980000000003207	0.360000000000003
12.980000000003207	0.36310000000000286
14.050000000002905	0.490000000000002
14.660000000003496	0.44000000000000483
14.949999999997095	0.43000000000000327
14.949999999997095	0.43510000000000204
14.989999999997963	0.4700000000000024
15.389999999999421	0.3710000000000022
15.389999999999421	0.5
15.400000000001459	0.46000000000000085
15.489999999997963	0.4700000000000024
15.830000000001748	0.46000000000000085
15.830000000001748	0.46000000000000085
15.989999999997963	0.5100000000000051
16.379999999997384	0.41100000000000136
16.379999999997384	0.5400000000000027
16.489999999997963	0.5100000000000051
17.050000000002907	0.5500000000000043
17.81999999999971	0.5200000000000031
17.81999999999971	0.5200000000000031
17.95999999999913	0.5400000000000027
17.95999999999913	0.5431000000000026
18.379999999997384	0.4870000000000019
18.379999999997384	0.610000000000003
18.84999999999854	0.5800000000000018
18.84999999999854	0.5800000000000018
19.379999999997384	0.5210000000000008
19.379999999997384	0.6500000000000021
19.809999999997675	0.6400000000000006
19.809999999997675	0.6400000000000006
20.830000000001746	0.6800000000000033
20.830000000001746	0.6800000000000033
21.830000000001746	0.7200000000000024
21.830000000001746	0.7200000000000024
22.38999999999942	0.6180000000000021
22.38999999999942	0.75
22.84999999999854	0.75
22.84999999999854	0.75
23.38999999999942	0.7040000000000006
23.38999999999942	0.8300000000000018
23.940000000002325	0.8221000000000025
23.949999999997093	0.8200000000000003
24.38999999999942	0.7490000000000023
24.38999999999942	0.8800000000000026
24.949999999997093	0.860000000000003
24.949999999997093	0.8641000000000005
25.830000000001746	0.8800000000000026
25.830000000001746	0.8800000000000026
25.949999999997093	0.9161000000000001
25.949999999997093	0.9200000000000017
25.949999999997093	0.9700000000000024
25.980000000003205	0.9400000000000048
26.04000000000087	0.860000000000003
26.38999999999942	0.8460000000000036
26.38999999999942	0.9700000000000024
26.480000000003205	0.9400000000000048
26.830000000001746	0.9700000000000024
26.830000000001746	0.9700000000000024
26.949999999997093	0.9651000000000032
26.949999999997093	0.9700000000000024
26.949999999997093	1.0300000000000011
26.989999999997963	1.0
27.38999999999942	0.8930000000000007
27.38999999999942	1.0200000000000031
27.489999999997963	1.0
27.830000000001746	1.0
27.830000000001746	1.0
27.940000000002325	1.0200000000000031
27.940000000002325	1.0241000000000042
27.949999999997093	1.0400000000000027
28.0	0.9600000000000009
28.81999999999971	1.0400000000000027
28.81999999999971	1.0400000000000027
29.760000000002037	1.1300000000000026
29.760000000002037	1.1300000000000026
30.81999999999971	1.1600000000000037
30.81999999999971	1.1600000000000037
31.81999999999971	1.2000000000000028
31.81999999999971	1.2000000000000028
31.989999999997963	1.2000000000000028
32.35341000000334	0.8300000000000018
32.48999999999796	1.2000000000000028
32.81999999999971	1.2200000000000024
32.81999999999971	1.2200000000000024
32.98000000000321	1.230000000000004
33.48000000000321	1.230000000000004
33.81999999999971	1.2800000000000011
33.81999999999971	1.2800000000000011
35.01000000000204	1.25
35.81999999999971	1.2900000000000027
35.81999999999971	1.2900000000000027
36.830000000001746	1.3400000000000034
36.830000000001746	1.3400000000000034
38.830000000001746	1.3700000000000045
38.830000000001746	1.3700000000000045
39.830000000001746	1.3700000000000045
39.830000000001746	1.3700000000000045
125.75	2.905000000000003
125.75	3.030000000000003
126.73999999999796	2.961000000000002
126.73999999999796	3.0900000000000034
130.34999999999854	3.0400000000000027
130.84999999999854	3.0400000000000027
132.34999999999854	3.080000000000002
132.84999999999854	3.080000000000002
132.84999999999854	3.0900000000000034
142.7158599999966	2.948000000000002
142.7266099999979	2.943000000000003
153.73999999999796	3.4540000000000024
153.73999999999796	3.580000000000002
154.73999999999796	3.498000000000003
154.73999999999796	3.6200000000000028
157.70384999999806	3.1990000000000034
170.15000000000146	4.100000000000005
171.15000000000146	4.040000000000001
171.3000000000029	4.010000000000003
173.15000000000146	4.040000000000001
181.7300000000032	4.002000000000004
181.7300000000032	4.130000000000006
191.15000000000146	4.330000000000005
191.15000000000146	4.330000000000005
203.34999999999854	4.610000000000003
206.61000000000058	4.470000000000006
213.70999999999913	4.632000000000005
213.70999999999913	4.760000000000005
214.75	4.600000000000005
214.75	4.730000000000004
215.25	4.790000000000003
240.59999999999852	5.0930000000000035
240.59999999999852	5.220000000000006
240.6200000000026	5.129000000000005
240.6200000000026	5.260000000000005
241.5699999999997	5.058000000000003
241.5699999999997	5.190000000000005
268.5236999999979	5.207000000000004
271.5	5.5880000000000045
271.5	5.710000000000004
272.5500000000029	5.624000000000006
272.5500000000029	5.7500000000000036
291.15000000000146	5.760000000000005
302.48999999999796	6.116000000000003
302.48999999999796	6.2400000000000055
309.4400000000023	6.267000000000003
309.4400000000023	6.390000000000004
/
-17.11000000000058	2.401
-15.089999999996504	1.9939999999999998
-14.089999999996504	1.7270000000000003
-13.97000000000117	1.549999999999999
-8.0	0.5
-7.0	0.4299999999999997
-6.029999999998843	0.33999999999999986
-5.989999999997963	0.46999999999999886
-4.0	0.1999999999999993
-3.0	0.16000000000000014
-2.0099999999947684	0.10999999999999943
-1.989999999997963	0.10999999999999943
-1.0299999999988425	0.19299999999999784
0.0	0.04999999999999716
0.9800000000031944	0.00999999999999801
1.060000000004942	0.030000000000001137
1.9599999999991204	0.0
2.020000000004074	0.019999999999999574
2.9700000000011575	0.00999999999999801
3.9700000000011575	0.019999999999999574
6.970000000001157	0.19599999999999795
7.970000000001157	0.18999999999999773
9.970000000001157	0.2699999999999996
11.020000000004075	0.36999999999999744
12.970000000001157	0.41000000000000014
13.95999999999912	0.4200000000000017
15.990000000005232	0.509999999999998
16.029999999998832	0.5399999999999991
16.980000000003194	0.5599999999999987
17.950000000004362	0.5700000000000003
19.04000000000087	0.6099999999999994
20.90000000000146	0.7349999999999994
22.04000000000087	0.7299999999999969
24.029999999998832	0.7800000000000011
25.920000000005533	0.8870000000000005
26.90000000000146	0.9110000000000014
27.920000000005533	0.9239999999999995
36.87000000000261	1.1529999999999987
44.12516999999934	1.240000000000002
45.31431000000156	1.1600000000000001
48.31500000000233	1.1600000000000001
49.97000000000116	1.3499999999999996
50.273330000003625	1.2800000000000011
52.32542000000103	1.2899999999999991
53.0	1.42
54.97000000000116	1.4699999999999989
55.950000000004366	1.4900000000000002
56.266390000004314	1.4100000000000001
56.93000000000029	1.5
57.26847000000271	1.4000000000000004
59.269860000000335	1.4499999999999993
63.27125000000523	1.5199999999999996
66.25806000000011	1.549999999999999
68.26222000000416	1.58
70.24902999999904	1.6199999999999992
73.26431000000593	1.58
74.93000000000029	1.9299999999999997
77.77999999999884	1.9189999999999987
77.91000000000349	2.01
78.24556000000302	1.7400000000000002
83.91000000000349	2.01
84.91000000000349	2.0299999999999994
85.90000000000146	2.039999999999999
86.90000000000146	2.049999999999999
87.22542000000249	1.959999999999999
87.90000000000146	2.0700000000000003
88.90000000000146	2.1099999999999994
89.93000000000029	2.0999999999999996
91.88999999999942	2.1899999999999995
92.22889000000578	2.049999999999999
96.90000000000146	2.3099999999999987
97.88999999999942	2.33
98.88999999999942	2.389999999999999
104.20736000000034	2.3200000000000003
118.18612000000574	2.5999999999999996
119.90000000000146	2.5599999999999987
120.91000000000349	2.91
122.88999999999942	2.8099999999999987
122.90000000000146	2.91
152.19000000000233	3.724
220.15000000000148	4.93
/
-31.98310000000493	1.8399999999999999
-31.063100000006678	1.7349999999999994
-27.923099999999977	1.5700000000000003
-27.916250000002037	1.411999999999999
-27.063100000006678	1.346
-26.91310000000522	1.4699999999999989
-26.05310000000464	1.2809999999999988
-25.95310000000609	1.4100000000000001
-25.94850000000588	1.2680000000000007
-25.93509000000632	1.2950000000000017
-25.09310000000551	1.222999999999999
-24.95310000000609	1.3599999999999994
-24.95010000000184	1.221
-24.936720000005163	1.2250000000000014
-23.09310000000551	1.1530000000000022
-22.94310000000405	1.2600000000000016
-22.939040000004756	1.1189999999999998
-22.09310000000551	1.1030000000000015
-21.963100000000857	1.25
-21.9617600000056	1.1000000000000014
-21.94847000000301	1.1260000000000012
-21.073100000001435	1.0700000000000003
-20.99309999999969	1.1799999999999997
-20.9883700000064	1.061
-20.13310000000639	0.9879999999999995
-19.113100000002316	0.9460000000000015
-18.13310000000639	0.9130000000000003
-17.123100000004353	0.8019999999999996
-16.963100000000857	0.9800000000000004
-16.958280000006205	0.8560000000000016
-16.944640000001527	0.8659999999999997
-16.931340000002823	0.8829999999999991
-16.917930000003253	0.9350000000000023
-16.113100000002316	0.7910000000000004
-15.883100000006388	0.870000000000001
-15.883050000004005	0.7560000000000002
-15.05310000000464	0.7469999999999999
-13.963100000000857	0.8200000000000003
-13.962140000003275	0.6980000000000004
-13.94481000000088	0.7480000000000011
-12.943100000004051	0.7600000000000016
-10.133100000006388	0.4239999999999995
-9.143100000001146	0.3550000000000004
-8.903490000004247	0.3710000000000022
-8.903100000003183	0.4800000000000004
-8.16310000000522	0.3219999999999992
-6.983100000004931	0.3500000000000014
-6.982310000006701	0.28999999999999915
-6.965290000000104	0.26399999999999935
-6.013100000003762	0.3200000000000003
-6.012529999999977	0.2140000000000022
-5.995000000002627	0.2220000000000013
-5.003110000005115	0.18500000000000227
-5.003100000001725	0.28000000000000114
-4.985970000001551	0.19500000000000028
-4.013100000003762	0.14000000000000057
-3.023100000005799	0.1999999999999993
-3.0196600000053935	0.10600000000000165
-2.9949699999997454	0.09100000000000108
-2.005030000000266	0.12300000000000111
-2.0031000000017247	0.1700000000000017
-1.9875300000057987	0.15800000000000125
-1.014400000000023	0.038000000000000256
-1.0131000000037615	0.14000000000000057
-0.9972900000066204	0.053000000000000824
-0.02310000000579861	0.14000000000000057
-0.018890000006655094	0.03900000000000148
-0.0017800000059722222	0.06400000000000006
2.006819999995058	0.006000000000000227
2.0069000000003125	0.08999999999999986
3.0268999999971067	0.10000000000000142
3.028559999998831	0.0
4.024739999993472	0.013999999999999346
4.026899999997107	0.08000000000000185
7.846899999996817	0.03500000000000014
8.996899999998275	0.02500000000000213
9.017169999999167	0.028999999999999915
9.816899999997986	0.054000000000002046
10.00224999999772	0.08699999999999974
10.006900000000313	0.16000000000000014
10.866899999993612	0.13599999999999923
10.996899999998275	0.129999999999999
10.998889999995288	0.07400000000000162
11.826900000000023	0.1180000000000021
11.996899999998275	0.1700000000000017
12.996899999998275	0.11299999999999955
12.996899999998275	0.23000000000000043
13.001679999993936	0.13800000000000168
13.806899999995949	0.1460000000000008
14.0040200000003	0.13599999999999923
14.006900000000313	0.17999999999999972
14.021149999993206	0.06099999999999994
17.00690000000031	0.33999999999999986
22.79689999999391	0.5820000000000007
23.00690000000031	0.6999999999999993
23.816899999997986	0.6690000000000005
24.80689999999595	0.7170000000000023
24.98689999999624	0.8399999999999999
24.994459999994433	0.8120000000000012
25.79689999999391	0.7860000000000014
26.79689999999391	0.8620000000000019
26.99585999999544	0.9009999999999998
26.996899999998277	0.9200000000000017
27.84689999999682	0.9690000000000012
65.82690000000002	2.026
/
-7.959999999999121	0.8219999999999992
-7.8300000000017365	0.902000000000001
-5.849999999998541	0.4549999999999983
-5.8300000000017365	0.4750000000000014
-3.9000000000014468	0.25
-2.7900000000008682	0.23100000000000165
-2.019999999996794	0.12299999999999756
-1.9300000000002893	0.06599999999999895
0.0	0.10900000000000176
0.06999999999971065	0.036999999999999034
1.0699999999997107	0.012000000000000455
3.840000000003785	0.0030000000000001137
3.989999999997963	0.0
5.75	0.04200000000000159
8.739999999997963	0.1280000000000001
10.366959999999386	0.5820000000000007
11.959999999999132	0.15800000000000125
12.139999999999421	0.2190000000000012
13.421490000000636	0.7509999999999977
14.360769999999329	0.804000000000002
15.139999999999421	0.32399999999999807
15.436180000004248	0.8669999999999973
16.395929999998774	0.9329999999999998
16.809999999997675	0.3999999999999986
17.36970000000293	0.990000000000002
18.06999999999971	0.5030000000000001
18.387770000001193	1.0450000000000017
18.989999999997963	0.509999999999998
19.020000000004075	0.6109999999999971
19.06999999999971	0.5990000000000002
19.38853999999993	1.118000000000002
20.0	0.5769999999999982
20.04000000000088	0.6229999999999976
20.43416000000434	1.186
21.020000000004075	0.6730000000000018
21.919999999998264	0.6439999999999984
22.11000000000059	0.690999999999999
23.910000000003496	0.796999999999997
25.06999999999971	0.847999999999999
25.347180000004304	1.4879999999999995
25.919999999998264	0.8599999999999994
25.970000000001168	0.8719999999999999
27.11000000000059	0.9029999999999987
30.029999999998843	0.9859999999999971
31.351200000004617	1.7279999999999998
31.90000000000146	1.0459999999999994
32.373630000001874	1.7579999999999991
33.04000000000088	1.0779999999999994
35.06999999999971	1.179000000000002
37.0	1.2100000000000009
39.30630000000383	1.9489999999999998
41.384799999999814	1.9930000000000003
42.98000000000321	1.2800000000000011
43.429620000002615	2.051
44.02999999999884	1.343
44.06999999999971	1.3290000000000006
45.04000000000088	1.314
45.336190000001814	2.09
46.04000000000088	1.320999999999998
46.397270000001306	2.1099999999999994
47.09999999999855	1.3200000000000003
51.020000000004075	1.3759999999999977
51.47177000000375	2.2279999999999998
51.87000000000263	1.4369999999999976
53.34099000000425	2.2590000000000003
54.06999999999971	1.4519999999999982
55.98999999999796	1.5190000000000001
56.36815999999817	2.3249999999999993
57.3417000000045	2.34
57.98999999999796	1.5249999999999986
59.95000000000437	1.5599999999999987
60.41769999999815	2.3919999999999995
63.42234000000463	2.456999999999999
64.05000000000291	1.6079999999999988
64.289340000003	2.4639999999999986
65.05000000000291	1.629999999999999
65.45608999999968	2.4849999999999994
66.36045000000013	2.5169999999999995
68.16999999999827	1.6329999999999991
68.33690999999817	2.552999999999999
69.36837000000378	2.565999999999999
71.33193000000028	2.597999999999999
72.16999999999827	1.7430000000000003
73.17366000000038	2.6340000000000003
74.28248000000168	2.658999999999999
75.35743000000367	2.6790000000000003
77.15264000000026	2.719999999999999
78.18619000000037	2.724
79.05000000000291	1.9100000000000001
80.02999999999884	1.8719999999999999
81.18130999999994	2.773999999999999
85.31921000000148	2.865
87.30247000000236	2.9130000000000003
91.16455000000133	2.955
93.28244000000268	2.9959999999999987
93.91000000000349	2.1159999999999997
94.16163999999844	2.9909999999999997
95.20758999999818	3.068999999999999
99.26952999999777	3.103999999999999
100.9800000000032	2.2169999999999987
101.91999999999827	2.314
102.0	2.2509999999999994
102.28788000000351	3.141
105.9800000000032	2.3919999999999995
106.01000000000204	2.395999999999999
112.0900000000038	2.4499999999999993
119.23580999999831	3.407
121.95999999999913	2.597999999999999
123.27170000000478	3.4549999999999983
124.1840400000001	3.5229999999999997
124.77999999999884	2.67
124.8600000000006	2.6180000000000003
125.1232900000032	3.507999999999999
129.97000000000116	2.7349999999999994
130.1426599999977	3.617000000000001
133.1258200000011	3.637999999999998
133.87000000000265	2.8339999999999996
135.9800000000032	2.811
139.18233999999939	3.753
140.87000000000265	2.9299999999999997
141.09118000000308	3.779
153.8199999999997	3.202
155.83000000000175	3.221
168.91999999999825	3.5599999999999987
183.08572000000277	4.466999999999999
369.4400000000023	7.0120000000000005
373.0900000000038	6.931999999999999
401.9599999999991	7.253
/
-13.60459999999875	1.4170000000000016
-13.474600000001377	1.770999999999999
-12.46459999999934	1.5159999999999982
-10.754600000000208	1.259999999999998
-10.564600000005163	0.7609999999999992
-10.444600000002534	1.1739999999999995
-9.814600000005163	0.7359999999999971
-8.834600000001956	0.5820000000000007
-8.724600000001377	1.0559999999999974
-8.42459999999846	0.9259999999999984
-5.544600000001088	0.21300000000000097
-2.574599999999919	0.17299999999999827
-2.414600000003704	0.5420000000000016
-1.4245999999984607	0.5240000000000009
-0.8646000000007871	0.07699999999999818
0.5453999999954282	0.4759999999999991
2.495399999999792	0.4519999999999982
3.385399999999213	0.0
6.525399999998623	0.46199999999999974
7.195399999996875	0.03999999999999915
7.455399999998912	0.07399999999999807
7.495399999999791	0.47699999999999676
9.425400000000081	0.11999999999999744
10.445399999996875	0.5459999999999994
10.455399999998912	0.05799999999999983
11.46540000000095	0.0779999999999994
12.435399999994837	0.17799999999999727
14.405399999996007	0.22299999999999898
17.525399999998623	0.7579999999999991
18.455399999998914	0.26500000000000057
20.39540000000125	0.2779999999999987
23.39540000000125	0.5039999999999978
23.60540000000037	0.9720000000000013
24.115399999995137	0.49799999999999756
25.42540000000008	0.5559999999999974
28.385399999999212	0.6580000000000013
28.485399999997753	1.1239999999999988
29.39540000000125	0.690999999999999
35.545399999995425	1.3329999999999984
36.50539999999455	1.3699999999999974
42.55539999999746	1.5189999999999984
44.39830000000074	1.4435000000000002
44.406699999999546	1.436399999999999
52.0853999999963	1.770999999999999
53.27539999999862	1.1229999999999976
53.3153999999995	1.152000000000001
58.42540000000008	1.8569999999999993
62.415399999998044	1.2879999999999967
62.99539999999979	1.9859999999999989
67.16539999999804	2.2109999999999985
69.44539999999688	2.0409999999999986
69.60540000000037	2.0509999999999984
69.97539999999572	2.044999999999998
72.05539999999746	1.3619999999999983
72.05539999999746	2.1839999999999993
74.43539999999484	2.1239999999999988
75.3153999999995	1.5079999999999991
81.29539999999542	1.5929999999999964
84.41539999999804	2.3039999999999985
85.41539999999804	2.321999999999999
88.30539999999746	1.6969999999999992
88.39540000000125	2.382999999999999
91.34539999999834	2.424999999999999
94.3353999999963	2.4869999999999983
96.19539999999688	1.850999999999999
97.3153999999995	2.532
100.38539999999921	2.5829999999999984
104.16539999999804	1.927999999999999
110.22539999999572	2.081999999999999
117.28540000000065	2.852999999999998
118.09539999999834	2.1919999999999984
118.94539999999688	2.1659999999999986
119.91539999999806	2.171999999999999
120.94539999999688	2.187999999999999
122.32540000000152	2.9309999999999974
133.1353999999992	2.4529999999999994
133.92540000000008	2.401
135.05539999999746	2.4829999999999988
141.89540000000125	2.576999999999998
145.93539999999484	2.6119999999999983
146.87539999999717	2.658999999999999
148.87539999999717	2.597999999999999
149.905399999996	2.7049999999999983
151.22539999999572	3.3699999999999974
152.10540000000037	3.442999999999998
152.97539999999572	3.501999999999999
155.8353999999963	6.855
156.14540000000125	2.8019999999999996
157.8353999999963	2.878
160.93539999999484	2.8999999999999986
161.2453999999998	3.503999999999998
163.17540000000008	2.9480000000000004
163.86539999999513	2.9079999999999977
164.85540000000037	2.946999999999999
165.97539999999572	2.968
167.84539999999834	2.9989999999999988
168.905399999996	3.0299999999999976
169.87539999999717	3.041999999999998
172.8353999999963	3.0919999999999987
175.0853999999963	3.129999999999999
177.21540000000095	3.7319999999999993
179.21540000000095	3.6110000000000007
182.21540000000095	3.8009999999999984
182.22539999999572	3.817999999999998
186.23539999999775	3.878
188.16539999999804	3.410999999999998
194.11539999999513	3.4549999999999983
224.11539999999513	3.9399999999999977
445.3353999999963	7.829000000000001
/
1.0049999999973727	0.0
3.976999999998947	0.23999999999999844
4.932000000000694	0.3200000000000003
11.001000000003842	0.9800000000000004
16.016000000003253	1.5
17.995999999999178	1.7399999999999984
19.002000000000404	1.8000000000000007
20.016999999999825	1.9100000000000001
20.94600000000354	2.0
21.01200000000244	2.0500000000000007
22.980000000003194	2.1400000000000006
23.93499999999766	2.1799999999999997
23.961999999999527	2.1999999999999993
24.940000000002325	2.259999999999998
25.976000000002383	2.3000000000000007
31.016999999999825	2.6099999999999994
32.96600000000035	2.669999999999998
34.9120000000039	2.8099999999999987
35.983000000000175	2.8299999999999983
49.89600000000063	3.3699999999999974
50.97800000000279	3.41
51.86699999999837	3.4299999999999997
53.006000000001215	3.4800000000000004
53.946000000003544	3.5299999999999976
54.93800000000192	3.59
54.96300000000337	3.6099999999999994
55.97600000000239	3.6899999999999977
56.01000000000204	3.6400000000000006
59.95599999999831	3.919999999999998
59.97600000000239	3.8900000000000006
63.020000000004075	4.169999999999998
63.986000000004424	4.219999999999999
65.83400000000256	4.329999999999998
68.65400000000227	3.789999999999999
68.93899999999849	4.529999999999998
68.99700000000303	4.66
70.57400000000052	4.07
70.8899999999994	4.859999999999999
73.95500000000173	4.829999999999998
74.90899999999964	5.189999999999998
78.51400000000285	4.68
79.84700000000156	5.23
79.86100000000442	5.379999999999999
79.89100000000325	5.309999999999999
87.94700000000012	5.829999999999998
88.51400000000285	5.529999999999998
93.7039999999979	5.75
93.90699999999923	6.18
96.7039999999979	5.93
117.44400000000314	6.800000000000001
118.45399999999792	6.959999999999997
122.3839999999982	7.27
149.78800000000047	7.709999999999997
150.4140000000043	8.59
160.5740000000005	8.93
/
-16.82299999999669	2.915999999999997
-16.353999999999363	2.5649999999999977
-16.170999999994827	2.6149999999999984
-16.11099999999715	2.108999999999998
-16.028999999995	2.4739999999999966
-15.919999999998264	2.1279999999999966
-15.896999999997211	2.447999999999997
-15.863999999994132	2.4279999999999973
-15.503999999993543	1.8349999999999973
-15.110999999997153	1.6779999999999973
-14.972999999998148	2.1489999999999974
-14.871999999995753	1.7319999999999993
-14.187999999994652	1.8089999999999975
-14.134999999994768	1.4109999999999978
-12.121999999995753	0.9699999999999989
-12.113999999994132	1.3719999999999963
-11.979999999995925	0.927999999999999
-10.989999999997963	0.7979999999999983
-10.121999999995753	0.6479999999999997
-10.113999999994132	1.0409999999999986
-9.924999999995636	1.0619999999999994
-9.093999999997326	0.984
-8.121999999995753	0.48600000000000065
-8.113999999994132	0.8889999999999993
-7.9409999999989	0.8559999999999999
-7.89999999999419	0.4280000000000008
-6.977999999995521	0.7779999999999987
-6.930000000000301	0.347999999999999
-6.2690000000002435	0.7149999999999999
-6.113999999994132	0.7089999999999996
-6.0149999999994215	0.7099999999999973
-5.949999999997095	0.30799999999999983
-5.010999999998611	0.6579999999999977
-5.009999999994768	0.6660000000000004
-4.949999999997095	0.21799999999999997
-3.989999999997963	0.22799999999999798
-3.917999999997847	0.6039999999999992
-3.915999999997442	0.6129999999999995
-3.0	0.21799999999999997
-2.9949999999953474	0.5640000000000001
-2.2369999999937153	0.514999999999997
-2.1429999999964005	0.10099999999999909
-2.1349999999947684	0.5130000000000017
-2.0129999999990162	0.5160000000000018
-2.010999999998611	0.5070000000000014
-1.1429999999964005	0.027999999999998693
-1.1349999999947684	0.514999999999997
-1.0	0.10800000000000054
0.0	0.05799999999999983
0.022000000004479166	0.45099999999999696
0.04100000000471065	0.0
0.049000000006342595	0.4599999999999973
1.0490000000063426	0.4490000000000016
2.0	0.11799999999999855
2.041000000004711	0.0010000000000012221
2.046000000002095	0.4349999999999987
2.0490000000063424	0.46399999999999864
2.6680000000051156	0.45099999999999696
2.8570000000035995	0.020999999999997243
2.8650000000052316	0.46699999999999875
3.0	0.0779999999999994
3.003000000004248	0.4469999999999992
3.041000000004711	0.0
3.0490000000063424	0.47499999999999787
3.9920000000056364	0.46699999999999875
4.003000000004247	0.03200000000000003
4.011000000005868	0.48499999999999943
5.50800000000162	0.6009999999999991
7.050000000002905	0.2779999999999987
7.991000000001794	0.7360000000000007
8.003000000004247	0.29299999999999926
8.011000000005868	0.7319999999999993
8.991000000001794	0.8170000000000002
9.0	0.477999999999998
9.894000000000231	0.8729999999999993
10.003000000004247	0.44399999999999906
10.011000000005868	0.8919999999999995
10.021000000000637	0.8989999999999991
10.985000000000579	0.9689999999999994
11.016000000003253	0.5470000000000006
11.030000000006112	0.4980000000000011
15.020000000004075	0.847999999999999
17.0	0.8179999999999996
21.0	1.0579999999999998
22.016000000003253	1.0709999999999997
22.032000000006516	1.6289999999999978
23.030000000006112	1.048
26.59700000000156	1.7219999999999978
26.992000000005635	1.7509999999999977
27.0	1.1679999999999993
27.25100000000383	1.7459999999999987
27.977000000006228	1.7709999999999972
28.980999999999757	1.7719999999999985
28.99000000000523	1.1979999999999986
29.22500000000581	1.8639999999999972
29.963999999999942	1.8219999999999992
30.840000000003773	1.823999999999998
30.94900000000052	1.2279999999999998
30.99000000000523	1.258000000000001
30.993000000002212	1.857999999999997
30.996000000006457	1.828999999999997
31.96100000000296	1.9029999999999987
32.785000000003485	1.9229999999999983
32.947000000000116	1.1709999999999994
32.973000000005406	1.9399999999999977
32.980000000003194	1.2879999999999985
33.76600000000325	1.3149999999999977
34.96300000000337	1.2959999999999976
34.980000000003194	1.357999999999997
34.9910000000018	1.9199999999999982
35.264000000002845	1.9669999999999987
35.859000000004016	1.3100000000000005
36.980000000003194	1.3179999999999978
37.88000000000465	1.9389999999999965
38.980000000003194	1.3679999999999986
39.21800000000075	2.051999999999996
40.7870000000039	1.477999999999998
40.8440000000046	2.080999999999996
40.980000000003194	1.3779999999999966
41.22700000000623	1.426999999999996
41.81700000000273	2.1229999999999976
41.819000000003136	1.477999999999998
42.980000000003194	1.4479999999999968
44.921000000002095	2.2049999999999983
46.01000000000204	1.5179999999999971
46.846000000005	1.5209999999999972
47.9250000000029	2.296999999999997
49.207000000002154	1.5459999999999958
49.22000000000116	2.3379999999999974
50.9600000000064	2.298999999999996
50.980000000003194	1.6479999999999961
51.194000000003136	1.6529999999999987
51.215000000003776	2.3029999999999973
51.77900000000227	2.3729999999999976
51.83100000000558	1.5349999999999966
52.17900000000372	2.3359999999999985
52.81000000000494	2.326999999999998
52.814000000005755	1.5949999999999989
52.97000000000116	1.607999999999997
53.90700000000652	2.4049999999999976
53.99000000000523	1.6779999999999973
54.9600000000064	1.6679999999999993
55.944000000003136	2.3739999999999988
56.9600000000064	1.6479999999999961
58.80099999999947	2.378999999999998
59.96199999999953	2.4969999999999963
62.52900000000227	2.5529999999999973
62.9600000000064	1.7179999999999964
63.53000000000611	2.5109999999999992
63.96399999999994	2.536999999999999
64.89900000000489	2.567999999999998
64.94600000000354	2.578999999999997
66.9600000000064	1.8679999999999986
67.53300000000309	2.633999999999997
198.38000000000466	4.407999999999998
243.97400000000198	5.317999999999998
261.2900000000009	5.727999999999998
/
-20.61000000000058	3.4639999999999986
-20.519999999996806	3.4549999999999983
-20.409999999996217	3.4540000000000006
-19.729999999995925	3.1370000000000005
-19.61000000000058	3.2159999999999993
-19.519999999996806	3.2669999999999995
-19.43999999999506	3.219999999999999
-19.34999999999854	3.276
-18.799999999995638	2.3599999999999994
-18.75999999999477	2.846
-17.779999999998843	2.5279999999999987
-17.619999999995347	2.6470000000000002
-17.529999999998843	2.6289999999999996
-16.739999999997963	2.282
-15.709999999999132	2.0410000000000004
-14.81999999999971	1.8940000000000001
-14.629999999997384	1.9480000000000004
-13.839999999996504	1.7309999999999999
-13.72000000000117	1.1099999999999994
-13.54000000000088	1.721
-12.629999999997384	1.613999999999999
-11.629999999997384	1.4559999999999995
-10.889999999999421	1.202
-9.939999999995058	0.6399999999999988
-9.879999999997384	1.1259999999999994
-7.759999999994768	0.9029999999999987
-7.6399999999994215	0.9109999999999996
-6.949999999997095	0.815999999999999
-6.8899999999994215	0.33000000000000007
-6.649999999994178	0.8339999999999996
-5.439999999995058	0.802999999999999
-4.919999999998252	0.1999999999999993
-3.949999999997095	0.6150000000000002
-1.6599999999962152	0.6359999999999992
-0.6599999999962153	0.5849999999999991
0.0	0.0
0.3300000000017477	0.5919999999999987
1.2200000000011575	0.0
1.3700000000026158	0.5289999999999999
2.120000000002616	0.07000000000000028
2.3300000000017476	0.5570000000000004
3.0600000000049423	0.5399999999999991
3.3500000000058217	0.597999999999999
4.209999999999121	0.129999999999999
5.1100000000005785	0.1399999999999988
5.25	0.641
5.4400000000023265	0.6500000000000004
6.060000000004942	0.6679999999999993
6.100000000005822	0.16999999999999993
6.330000000001748	0.702
7.029999999998831	0.6980000000000004
7.319999999999711	0.798
8.389999999999421	0.7519999999999989
9.170000000005533	0.7949999999999999
9.31999999999971	0.8360000000000003
10.440000000002327	0.8369999999999997
11.06999999999971	0.891
12.090000000003785	0.4599999999999991
13.160000000003496	0.4499999999999993
18.06000000000494	1.1649999999999991
19.06000000000494	0.6699999999999999
20.06000000000494	1.241999999999999
21.06000000000494	1.2620000000000005
22.06999999999971	1.282
24.050000000002907	1.334999999999999
25.06000000000494	1.3659999999999997
26.090000000003783	1.3940000000000001
27.06000000000494	1.4169999999999998
28.06999999999971	0.9499999999999993
28.06999999999971	1.4299999999999997
32.020000000004075	1.0599999999999987
34.040000000000866	1.0399999999999991
38.99000000000523	1.1600000000000001
41.51000000000204	1.8179999999999996
43.41000000000349	1.8599999999999994
45.06000000000494	1.8529999999999998
45.42000000000553	1.8970000000000002
48.06999999999971	1.8810000000000002
50.16000000000349	1.3499999999999996
51.02999999999883	1.4399999999999995
62.01000000000204	1.6199999999999992
65.10000000000582	1.6199999999999992
72.02000000000407	1.83
77.13000000000466	1.8699999999999992
92.02999999999884	2.24
93.01000000000204	2.34
96.0	2.2699999999999996
109.02000000000407	2.76
123.02999999999884	2.8200000000000003
124.01000000000204	3.0
126.01000000000204	2.869999999999999
128.01000000000204	3.0
303.74000000000524	6.039999999999999
/
-19.969999999993888	3.849999999999998
-19.969999999993888	3.853999999999999
-18.909999999996217	3.6239999999999988
-18.909999999996217	3.6259999999999977
-18.89999999999418	3.3619999999999983
-18.89999999999418	3.363999999999997
-18.88999999999941	3.349999999999998
-18.88999999999941	3.353999999999999
-17.869999999995336	3.0239999999999974
-17.869999999995336	3.0239999999999974
-16.969999999993888	2.5440000000000005
-16.969999999993888	2.5440000000000005
-16.939999999995045	2.3739999999999988
-16.939999999995045	2.378
-16.93000000000029	2.4220000000000006
-16.93000000000029	2.4239999999999995
-15.919999999998252	2.003
-15.919999999998252	2.003999999999998
-14.979999999995925	1.663999999999998
-14.979999999995925	1.666999999999998
-14.899999999994177	1.5809999999999995
-14.899999999994177	1.5839999999999996
-14.889999999999409	1.6340000000000003
-14.889999999999409	1.634999999999998
-13.989999999997963	1.3840000000000003
-13.989999999997963	1.3879999999999981
-12.939999999995047	1.193999999999999
-12.939999999995047	1.1950000000000003
-12.889999999999409	1.1039999999999992
-12.889999999999409	1.105999999999998
-12.879999999997374	1.033999999999999
-12.879999999997374	1.0380000000000003
-11.989999999997963	0.9740000000000002
-11.989999999997963	0.9770000000000003
-10.989999999997963	0.8339999999999996
-10.989999999997963	0.8349999999999973
-10.889999999999409	0.7689999999999984
-10.889999999999409	0.7739999999999974
-10.879999999997374	0.782
-10.879999999997374	0.7839999999999989
-9.0	0.5440000000000005
-9.0	0.5479999999999983
-8.899999999994177	0.5239999999999974
-8.899999999994177	0.5239999999999974
-8.889999999999409	0.5219999999999985
-8.889999999999409	0.5239999999999974
-7.979999999995926	0.4609999999999985
-7.979999999995926	0.46399999999999864
-5.949999999997083	0.3119999999999976
-5.949999999997083	0.31400000000000006
-5.930000000000289	0.26399999999999935
-5.930000000000289	0.26699999999999946
-5.919999999998252	0.2539999999999978
-5.919999999998252	0.2560000000000002
-4.959999999999121	0.21899999999999764
-4.959999999999121	0.2240000000000002
-3.979999999995926	0.12399999999999878
-3.979999999995926	0.1280000000000001
-3.969999999993889	0.14999999999999858
-3.969999999993889	0.15399999999999991
-2.979999999995926	0.10200000000000031
-2.979999999995926	0.1039999999999992
-2.969999999993889	0.1039999999999992
-2.969999999993889	0.1059999999999981
-2.9599999999991202	0.13100000000000023
-2.9599999999991202	0.13400000000000034
-2.9499999999970834	0.13400000000000034
-2.9499999999970834	0.13700000000000045
-1.9599999999991204	0.06299999999999883
-1.9599999999991204	0.06400000000000006
-1.9499999999970834	0.04899999999999949
-1.9499999999970834	0.054000000000002046
-1.8599999999932986	0.08399999999999963
-1.8599999999932986	0.08399999999999963
-0.9799999999959259	0.020000000000003126
-0.9799999999959259	0.02400000000000091
-0.9699999999938889	0.014000000000002899
-0.9699999999938889	0.017000000000003013
0.0	0.014000000000002899
0.0	0.018000000000000682
0.010000000002037037	0.0010000000000012221
0.010000000002037037	0.004000000000001336
0.05000000000291667	0.0730000000000004
0.05000000000291667	0.07399999999999807
2.0	0.0
2.0	0.004000000000001336
2.010000000002037	0.004000000000001336
2.010000000002037	0.008000000000002672
3.010000000002037	0.021999999999998465
3.010000000002037	0.02400000000000091
3.020000000004074	0.004000000000001336
3.020000000004074	0.004000000000001336
4.0	0.021999999999998465
4.0	0.02400000000000091
4.010000000002037	0.02400000000000091
4.010000000002037	0.027999999999998693
5.030000000006111	0.1039999999999992
5.030000000006111	0.1059999999999981
6.060000000004954	0.07199999999999918
6.060000000004954	0.07399999999999807
6.069999999999711	0.1039999999999992
6.069999999999711	0.1039999999999992
7.020000000004074	0.12299999999999756
7.020000000004074	0.12399999999999878
7.030000000006111	0.15399999999999991
7.030000000006111	0.15399999999999991
7.060000000004954	0.16399999999999793
7.060000000004954	0.16399999999999793
8.030000000006112	0.20400000000000063
8.030000000006112	0.2069999999999972
10.04000000000088	0.26399999999999935
10.04000000000088	0.26599999999999824
10.050000000002917	0.27399999999999736
10.050000000002917	0.2779999999999987
12.06999999999971	0.37099999999999866
12.06999999999971	0.3739999999999988
12.080000000001748	0.37099999999999866
12.080000000001748	0.3739999999999988
14.06999999999971	0.5139999999999993
14.06999999999971	0.5180000000000007
14.080000000001748	0.4839999999999982
14.080000000001748	0.48600000000000065
16.010000000002037	0.6039999999999992
16.010000000002037	0.6069999999999993
16.020000000004075	0.6020000000000003
16.020000000004075	0.6039999999999992
18.010000000002037	0.6630000000000003
18.010000000002037	0.6639999999999979
18.020000000004075	0.6729999999999983
18.020000000004075	0.6739999999999995
20.060000000004955	0.7139999999999986
20.060000000004955	0.718
20.06999999999971	0.8039999999999985
20.06999999999971	0.8039999999999985
/
-0.007200000000011574	0.3200000000000003
0.9749000000010764	1.001999999999999
0.9759000000049189	1.0210000000000008
0.9919000000009027	1.0400000000000027
1.1763000000064583	0.7100000000000009
1.1889000000010186	1.1180000000000003
1.1899000000048612	1.1000000000000014
1.6869000000006134	1.5790000000000006
1.687900000004456	1.4840000000000018
1.9409000000014236	1.7029999999999994
1.9419000000052662	1.7010000000000005
2.065900000001424	1.6969999999999992
2.0669000000052664	1.7070000000000007
2.1841000000058566	1.4800000000000004
2.2419000000009026	1.975999999999999
2.242900000004745	1.9140000000000015
2.256900000000324	1.814
2.2579000000041667	1.8350000000000009
3.056900000003229	2.0740000000000016
3.057899999999792	2.0519999999999996
3.0969000000040974	1.9460000000000015
3.097900000000671	2.0199999999999996
3.6809000000066665	1.8790000000000013
3.682899999999792	1.8689999999999998
3.8269000000000233	1.9269999999999996
3.827900000003866	1.8240000000000016
3.8879000000015393	1.8710000000000022
3.888900000005382	1.940999999999999
3.9138999999995603	1.8979999999999997
3.914900000003403	1.9379999999999988
4.786900000006435	1.6730000000000018
4.787900000002998	1.6739999999999995
4.872900000002129	1.6060000000000016
4.8739000000059605	1.6660000000000004
4.948900000003055	1.6610000000000014
4.950900000003461	1.654
4.952900000003866	1.626999999999999
4.954900000004282	1.6380000000000017
6.234900000003114	1.0899999999999999
7.3052000000025235	0.9499999999999993
8.305200000002523	0.8099999999999987
9.262200000004675	0.6500000000000021
10.26610000000074	0.5800000000000018
11.19580000000133	0.41000000000000014
14.227100000003704	0.33000000000000185
15.234900000003114	0.2900000000000027
16.22320000000037	0.129999999999999
16.234900000003112	0.1999999999999993
17.230999999999767	0.11000000000000298
19.281800000004306	0.0
19.290741843302396	0.3450000000000024
19.290895400001318	0.3500000000000014
19.30121984780272	0.3135000000000012
19.311701244703727	0.2810999999999986
19.322170366904178	0.32239999999999824
31.168499999999767	0.3099999999999987
35.16070000000037	0.4400000000000013
42.14110000000074	0.6799999999999997
45.16070000000037	0.75
45.2115000000049	0.8099999999999987
49.11770000000252	0.8300000000000018
51.1490000000049	0.860000000000003
54.121600000005856	0.9700000000000024
55.17370951220074	1.3925000000000018
55.184273282102374	1.3194
55.19483309930366	1.3112000000000013
58.121600000005856	1.0100000000000016
58.172400000003115	0.9899999999999984
92.01220000000468	1.4299999999999997
100.99660158218178	1.7100000000000009
356.32711140900216	5.717200000000002
356.337431522501	5.638300000000001
356.35805360880477	5.762499999999999
/
3.5939999999973264	0.33699999999999974
3.595000000001169	0.3890000000000029
7.3099999999976735	0.0
8.379999999997384	0.030000000000001137
13.309999999997673	0.060000000000002274
13.571000000003552	0.40700000000000003
13.572999999996679	0.48300000000000054
15.572000000000116	0.5820000000000007
15.572999999996679	0.5070000000000014
16.34999999999854	0.08999999999999986
17.239999999997963	0.060000000000002274
17.847000000001575	0.5010000000000012
17.84900000000198	0.48100000000000165
20.20599999999831	0.5130000000000017
22.18000000000029	0.532
22.180999999996853	0.5130000000000017
22.34999999999854	0.10000000000000142
25.19799999999668	0.6099999999999994
25.19900000000052	0.6020000000000003
25.29000000000087	0.17999999999999972
26.300000000002907	0.14999999999999858
26.483000000000175	0.6260000000000012
26.48500000000058	0.5949999999999989
28.088999999999942	0.6090000000000018
28.091000000000346	0.6009999999999991
31.20999999999913	0.17999999999999972
32.12000000000261	0.19000000000000128
32.169999999998254	0.5899999999999999
32.171999999998654	0.6159999999999997
35.209999999999134	0.21000000000000085
36.419999999998254	0.21999999999999886
37.47400000000198	0.6559999999999988
37.47600000000239	0.7010000000000005
43.08600000000296	0.7259999999999991
43.086999999999534	0.7050000000000018
43.171000000002095	0.7830000000000013
43.171999999998654	0.7899999999999991
49.487000000001	0.8010000000000019
49.487999999997555	0.8099999999999987
50.19000000000233	0.3500000000000014
54.1999999999971	0.33999999999999986
61.43899999999849	0.9400000000000013
61.44000000000233	0.9269999999999996
64.44400000000314	0.9260000000000019
64.44600000000355	0.9669999999999987
65.31999999999971	0.4200000000000017
69.09999999999854	0.46000000000000085
70.16000000000349	0.46999999999999886
71.06999999999971	0.9140000000000015
71.07299999999668	0.9690000000000012
75.19999999999709	0.5300000000000011
77.08299999999872	1.0130000000000017
77.08600000000297	1.056000000000001
81.15000000000146	0.620000000000001
83.07600000000093	1.221
83.0789999999979	1.1410000000000018
87.31500000000233	1.2190000000000012
87.31900000000314	1.2319999999999993
89.9890000000014	1.379999999999999
89.99300000000221	1.341000000000001
92.05999999999767	0.9600000000000009
93.2300000000032	1.0399999999999991
93.6359999999986	1.5710000000000015
93.63999999999942	1.4969999999999999
94.06999999999971	1.0800000000000018
95.98200000000361	1.782
95.98599999999715	1.7880000000000003
98.70300000000134	2.030999999999999
98.70700000000215	2.0090000000000003
101.63300000000163	2.3260000000000005
101.63700000000244	2.3180000000000014
104.26000000000204	1.879999999999999
105.28199999999926	2.4770000000000003
105.28500000000349	2.6419999999999995
107.7699999999968	2.622
107.77399999999761	2.649000000000001
110.76600000000326	2.4490000000000016
110.7699999999968	2.493000000000002
112.16999999999824	2.0500000000000007
113.9080000000031	2.525000000000002
113.91100000000004	2.5500000000000007
119.12999999999738	2.1700000000000017
119.9340000000011	2.6129999999999995
119.93800000000192	2.521000000000001
120.93499999999769	2.9800000000000004
122.7410000000018	2.8880000000000017
122.74399999999878	2.721
128.70700000000215	3.0090000000000003
132.1800000000003	2.3200000000000003
133.70300000000134	2.9989999999999988
134.66500000000087	2.8580000000000005
134.6690000000017	2.926000000000002
138.05999999999767	2.4299999999999997
142.58000000000175	3.0450000000000017
142.5829999999987	3.0599999999999987
142.6929999999993	3.0970000000000013
144.66599999999747	2.936
144.6690000000017	3.0740000000000016
146.67700000000335	3.196999999999999
146.68099999999686	2.993000000000002
149.11000000000058	2.4800000000000004
153.08000000000175	2.5500000000000007
159.59500000000116	3.3590000000000018
159.59900000000198	3.343
160.5809999999983	3.309000000000001
160.58499999999913	3.1310000000000002
164.04000000000087	2.5500000000000007
171.04000000000087	2.740000000000002
174.59599999999773	3.516000000000002
174.59900000000198	3.225999999999999
179.04000000000087	2.879999999999999
201.0699999999997	3.0599999999999987
317.91399999999703	3.1720000000000006
317.91799999999785	2.798000000000002
317.9270000000033	4.521000000000001
317.93099999999686	4.378
318.9250000000029	4.804000000000002
318.92899999999645	4.856000000000002
331.8470000000016	5.265000000000001
332.93099999999686	4.051000000000002
332.9349999999977	3.932000000000002
344.9210000000021	4.053000000000001
344.9250000000029	4.199999999999999
/
-9.089999999996516	0.4200000000000017
-7.119999999995347	0.21999999999999886
-6.719999999993889	0.21000000000000085
-5.14999999999419	0.10999999999999943
-4.75	0.0799999999999983
-4.159999999996227	0.07000000000000028
-3.669999999998264	0.04999999999999716
-2.1899999999950577	0.00999999999999801
1.9400000000023263	0.0
3.9100000000034836	0.03999999999999915
4.900000000001447	0.04999999999999716
5.880000000004653	0.0799999999999983
6.770000000004074	0.0799999999999983
6.790000000000868	0.10999999999999943
7.160000000003484	0.07000000000000028
7.950000000004364	0.14000000000000057
8.240000000005232	0.10999999999999943
8.93000000000029	0.18999999999999773
9.819999999999698	0.18999999999999773
13.550000000002905	0.5499999999999972
14.550000000002905	0.5499999999999972
14.639999999999409	0.39000000000000057
18.780000000006112	0.6499999999999986
19.86000000000058	0.6899999999999977
20.85000000000581	0.75
21.830000000001736	0.7800000000000011
23.900000000001448	0.8599999999999994
24.980000000003194	0.9299999999999997
45.94000000000233	1.4499999999999993
45.94000000000233	1.4499999999999993
48.93000000000029	1.509999999999998
48.93000000000029	1.509999999999998
49.93000000000029	1.509999999999998
49.93000000000029	1.509999999999998
60.980000000003194	1.7399999999999984
60.980000000003194	1.7399999999999984
61.92000000000552	1.7100000000000009
61.92000000000552	1.7100000000000009
63.950000000004366	1.759999999999998
63.950000000004366	1.759999999999998
64.93000000000029	1.7999999999999972
64.93000000000029	1.7999999999999972
65.97000000000116	1.8200000000000003
65.97000000000116	1.8200000000000003
66.95000000000437	1.8200000000000003
66.95000000000437	1.8200000000000003
67.95000000000437	1.879999999999999
67.95000000000437	1.879999999999999
72.92000000000552	1.9499999999999993
72.92000000000552	1.9499999999999993
73.91000000000348	1.9499999999999993
73.91000000000348	1.9499999999999993
74.91000000000348	2.0199999999999996
74.91000000000348	2.0199999999999996
75.91000000000348	2.039999999999999
75.91000000000348	2.039999999999999
85.8899999999994	2.25
85.8899999999994	2.25
86.8899999999994	2.219999999999999
86.8899999999994	2.219999999999999
88.8899999999994	2.259999999999998
88.8899999999994	2.259999999999998
89.8899999999994	2.3099999999999987
89.8899999999994	2.3099999999999987
90.88000000000466	2.3299999999999983
90.88000000000466	2.3299999999999983
92.87000000000262	2.3599999999999994
92.87000000000262	2.3599999999999994
93.8199999999997	2.379999999999999
93.8199999999997	2.379999999999999
95.87000000000262	2.41
95.87000000000262	2.41
96.86000000000058	2.460000000000001
96.86000000000058	2.460000000000001
98.8500000000058	2.469999999999999
98.8500000000058	2.469999999999999
99.8500000000058	2.4899999999999984
99.8500000000058	2.4899999999999984
100.86000000000058	2.5
100.86000000000058	2.5
104.8500000000058	2.59
104.8500000000058	2.59
114.75	2.759999999999998
114.75	2.759999999999998
116.80000000000291	2.789999999999999
116.80000000000291	2.789999999999999
117.81000000000495	3.039999999999999
117.81000000000495	3.039999999999999
121.55000000000291	3.0700000000000003
122.05000000000291	3.0599999999999987
122.55000000000291	3.0700000000000003
122.78000000000611	2.8999999999999986
122.78000000000611	2.8999999999999986
123.78000000000611	2.919999999999998
123.78000000000611	2.919999999999998
124.81000000000495	2.919999999999998
124.81000000000495	2.919999999999998
126.78000000000611	2.9299999999999997
126.78000000000611	2.9299999999999997
129.76000000000204	3.0199999999999996
129.76000000000204	3.0199999999999996
132.7800000000061	2.9899999999999984
132.7800000000061	2.9899999999999984
146.6700000000055	3.3000000000000007
146.6700000000055	3.3000000000000007
147.6800000000003	3.3200000000000003
147.6800000000003	3.3200000000000003
149.6800000000003	3.219999999999999
149.6800000000003	3.219999999999999
150.6800000000003	3.34
150.6800000000003	3.34
151.6700000000055	3.349999999999998
151.6700000000055	3.349999999999998
168.60000000000582	3.6199999999999974
168.60000000000582	3.6199999999999974
195.5500000000029	4.210000000000001
196.0500000000029	4.239999999999998
196.5500000000029	4.210000000000001
308.0500000000029	6.009999999999998
320.5500000000029	5.939999999999998
321.5500000000029	5.939999999999998
333.0500000000029	6.390000000000001
333.75	6.32
337.5500000000029	6.289999999999999
338.0500000000029	6.32
338.5500000000029	6.289999999999999
372.0500000000029	7.239999999999998
372.75	6.899999999999999
394.5500000000029	7.189999999999998
395.0500000000029	7.32
395.5500000000029	7.189999999999998
399.0500000000029	7.419999999999998
399.8500000000058	7.050000000000001
451.55000000000285	7.789999999999999
452.05000000000285	8.369999999999997
452.55000000000285	7.789999999999999
484.55000000000285	8.09
485.05000000000285	8.79
485.55000000000285	8.09
520.0500000000029	9.54
/
2.019999999996794	0.0
3.009999999994757	0.1700000000000017
5.019999999996794	0.4300000000000015
6.019999999996794	0.5500000000000007
8.509999999994758	0.5000000000000018
8.509999999994758	0.8200000000000003
10.45999999999912	0.7800000000000011
10.469999999993888	0.4800000000000004
12.509999999994758	0.2500000000000018
12.509999999994758	0.620000000000001
13.009999999994758	0.1700000000000017
14.009999999994758	0.20000000000000107
15.009999999994758	0.16000000000000014
15.009999999994758	0.22000000000000064
16.009999999994758	0.10000000000000142
17.009999999994758	0.060000000000002274
19.029999999998832	0.07000000000000028
20.009999999994758	0.120000000000001
21.009999999994758	0.120000000000001
24.009999999994758	0.3000000000000007
25.009999999994758	0.47000000000000064
26.009999999994758	0.5600000000000005
27.009999999994758	0.5400000000000009
28.009999999994758	0.5500000000000007
38.96999999999389	0.9700000000000006
40.51999999999679	1.2200000000000006
40.51999999999679	1.5600000000000005
42.52999999999883	1.200000000000001
42.52999999999883	1.5600000000000005
43.009999999994754	1.120000000000001
44.98999999999796	1.1500000000000004
49.98999999999796	1.2100000000000009
50.98999999999796	1.2400000000000002
163.79999999999563	3.0500000000000007
163.79999999999563	3.5700000000000003
179.30999999999767	3.16
185.2699999999968	3.2300000000000004
191.7199999999939	3.419999999999998
191.7199999999939	3.960000000000001
198.86999999999531	3.5
198.86999999999531	4.059999999999999
213.3199999999997	3.59
231.79999999999563	4.07
231.79999999999563	4.629999999999999
246.75999999999476	4.32
246.75999999999476	4.890000000000001
622.489999999998	8.54
/
-11.112000000000995	0.9989999999999988
-5.127000000000416	0.49599999999999866
-3.133000000001632	0.5109999999999992
-3.131000000001227	0.5150000000000006
-3.010000000002037	0.08200000000000074
-1.1399999999994213	0.536999999999999
-1.1370000000024536	0.49199999999999733
0.0	0.0
2.8499999999985417	0.5109999999999992
2.851999999998947	0.5240000000000009
13.0109999999986	0.7710000000000008
16.811000000001506	0.8140000000000001
20.902000000001863	0.8759999999999977
23.792999999997846	0.9989999999999988
24.79000000000087	0.982999999999997
25.788000000000462	1.036999999999999
27.78399999999964	0.9859999999999971
28.779999999998832	1.0839999999999996
31.77300000000104	1.0559999999999974
32.76799999999639	1.1409999999999982
34.762000000002445	1.2019999999999982
40.78600000000006	1.3039999999999985
41.744999999995336	1.2989999999999995
41.94999999999708	0.6739999999999995
47.75800000000162	1.3949999999999996
47.87999999999737	0.7989999999999995
48.75200000000041	1.4299999999999997
51.71699999999691	1.4319999999999986
52.73999999999796	1.3919999999999995
52.94000000000233	0.7779999999999987
53.710999999995686	1.376999999999999
54.70799999999871	1.4309999999999974
55.70599999999831	1.408999999999999
58.697000000000116	1.666999999999998
67.67399999999907	1.6489999999999974
68.66999999999825	1.5749999999999993
69.66599999999742	1.6449999999999996
70.66799999999785	1.6899999999999977
71.66199999999662	1.6479999999999997
72.6579999999958	1.6809999999999974
73.65899999999964	1.690999999999999
73.83999999999651	1.0359999999999978
74.6579999999958	1.7379999999999995
79.65299999999843	1.8639999999999972
81.80999999999766	1.1489999999999974
82.64199999999981	1.9029999999999987
83.6399999999994	1.843
86.63899999999556	1.918999999999997
87.79000000000087	1.2409999999999997
88.6339999999982	2.003
94.82600000000093	2.133999999999997
100.8199999999997	1.5969999999999978
103.80999999999766	1.7609999999999992
109.64099999999597	3.253999999999998
113.6860000000015	3.6549999999999976
115.62399999999616	3.6709999999999994
115.76000000000204	2.7699999999999996
122.77500000000144	3.9579999999999984
123.6399999999994	3.886999999999997
124.63899999999556	3.953999999999997
126.80399999999644	4.0909999999999975
136.66100000000006	4.170999999999999
/
-14.0	2.123000000000001
-12.950000000004374	1.7710000000000008
-10.0	0.9879999999999995
-9.010000000002037	0.8130000000000024
-8.050000000002917	0.6389999999999993
-7.010000000002037	0.5190000000000019
-6.160000000003495	0.3960000000000008
-4.880989999997848	0.3490000000000002
-3.918129999998206	0.25400000000000134
-3.010000000002037	0.13700000000000045
-1.898870000004537	0.12400000000000233
0.0	0.021999999999998465
1.9099999999962152	0.0
3.0	0.018000000000000682
4.019999999996794	0.015000000000000568
5.049999999995625	0.04100000000000037
5.111919999995729	0.0940000000000012
6.11417000000074	0.1280000000000001
7.049999999995625	0.12400000000000233
7.091899999999433	0.16900000000000048
8.900000000001446	0.2120000000000033
13.061130000001864	0.4350000000000023
13.919999999998252	0.41300000000000026
16.051619999998355	0.5660000000000025
16.95999999999912	0.5310000000000024
17.06979999999748	0.5560000000000009
17.979999999995925	0.5650000000000013
19.045070000000116	0.6640000000000015
19.93000000000029	0.647000000000002
20.95999999999912	0.6999999999999993
22.074349999995313	0.8120000000000012
23.909999999996217	0.8339999999999996
27.919999999998254	0.9720000000000013
30.030030000001712	1.1030000000000015
33.87999999999737	1.1509999999999998
34.01131000000168	1.2089999999999996
36.01529999999911	1.2860000000000014
37.00800999999773	1.3049999999999997
37.90000000000145	1.2650000000000006
42.919999999998254	1.3710000000000022
45.975119999995506	1.461000000000002
46.953829999998554	1.5150000000000006
49.87999999999737	1.5250000000000021
49.9397800000006	1.5790000000000006
50.9835099999982	1.6430000000000007
51.925490000001446	1.5820000000000007
53.83000000000174	1.6050000000000004
55.959219999997	1.7190000000000012
58.86000000000058	1.7070000000000007
58.97462999999697	1.7830000000000013
59.93102999999974	1.7650000000000006
61.936789999999746	1.8500000000000014
63.8199999999997	1.7989999999999995
63.93078999999852	1.870000000000001
71.84999999999854	2.003
84.80999999999766	2.253
85.77999999999884	2.2830000000000013
88.83000000000173	2.3530000000000015
89.79999999999562	2.3610000000000007
90.79000000000087	2.3790000000000013
108.8199999999997	2.7600000000000016
/
-18.50100000000384	2.3099999999999987
-17.615330000000533	2.044999999999998
-16.588589999999385	1.727999999999998
-16.381000000001215	1.2300000000000004
-15.760309999997835	1.7399999999999984
-15.56395999999949	1.7300000000000004
-15.33099999999831	1.1799999999999997
-14.723819999999249	1.7429999999999986
-14.541579999997339	1.751999999999999
-14.341000000000347	1.1999999999999993
-12.63186999999743	1.5899999999999999
-12.29099999999743	0.9499999999999993
-11.51436000000103	1.4269999999999996
-11.230999999999769	0.6999999999999993
-10.58834000000206	1.2049999999999983
-10.241000000001806	0.5700000000000003
-9.746240000000393	1.1099999999999994
-8.660430000003542	0.968
-8.470999999997732	0.3999999999999986
-3.321000000003542	0.25
-2.610999999997141	0.09999999999999787
-0.49100000000180555	0.07000000000000028
0.568999999995868	0.05000000000000071
1.4420400000017246	0.5169999999999995
1.559000000001111	0.07000000000000028
2.339849999996667	0.5189999999999984
3.313690000002685	0.4529999999999994
3.4689999999973264	0.07000000000000028
3.678999999996458	0.0
4.37356	0.5569999999999986
5.28476000000228	0.5159999999999982
6.327109999998356	0.5489999999999995
8.618999999998785	0.09999999999999787
9.415439999997037	0.6289999999999978
10.322630000002396	0.6509999999999998
10.599000000001979	0.14999999999999858
11.347229999999398	0.690999999999999
12.391700000000128	0.7590000000000003
13.568999999995867	0.2699999999999996
14.192000000002743	0.843
16.25239000000147	0.8649999999999984
17.1391700000022	0.9390000000000001
27.23243999999977	1.3049999999999997
30.220589999997177	1.4209999999999994
31.253129999997327	1.472999999999999
38.11022999999842	1.6460000000000008
43.13622000000032	1.716000000000001
44.129070000002685	1.8099999999999987
46.09558999999717	1.823999999999998
56.20111999999791	2.1999999999999993
60.1036299999978	2.193999999999999
65.07938000000286	2.254999999999999
79.14312999999675	2.498000000000001
82.21936999999889	2.692
86.10067999999593	2.6709999999999994
90.11649000000035	2.884999999999998
101.1322500000024	2.960000000000001
122.12163999999757	3.219000000000001
/
-0.7039499999955324	0.1709999999999976
2.3081999999994793	0.07199999999999562
3.104400000003796	0.013999999999995794
4.0843999999997225	0.0
6.144399999997396	0.04099999999999682
7.347880000001169	0.12199999999999989
8.154399999999432	0.12199999999999989
11.251259999997268	0.341999999999997
12.174400000003507	0.35399999999999743
13.184399999998275	0.40999999999999837
13.255949999998842	0.4859999999999971
13.30297000000427	0.5319999999999965
16.17440000000351	0.5919999999999987
18.17440000000351	0.695999999999998
21.260450000001573	1.0939999999999976
26.15591999999742	1.176999999999996
28.144399999997397	1.227999999999998
33.15697999999975	1.4559999999999995
37.21697000000131	1.565999999999999
38.22288000000117	1.5409999999999968
43.134400000002636	1.6039999999999992
43.189669999999744	1.7069999999999972
44.28730000000359	1.7169999999999987
45.16440000000147	1.668999999999997
45.16528000000106	1.7579999999999991
46.05440000000089	1.6809999999999974
46.17367999999987	1.7789999999999964
47.14250999999785	1.8129999999999988
48.07439999999769	1.7349999999999994
53.23030000000289	1.918999999999997
54.084399999999725	1.8599999999999994
54.18188000000373	2.0009999999999977
55.10657999999967	1.9849999999999994
57.18684000000212	2.0239999999999974
64.07439999999768	2.070999999999998
70.06440000000293	2.166999999999998
73.07162999999854	2.2979999999999983
81.12402000000293	2.3349999999999973
82.06440000000293	2.4049999999999976
89.1244000000006	2.540999999999997
91.16599999999742	2.753999999999998
93.06550000000425	2.664999999999999
94.09810000000289	2.801999999999996
95.07886999999755	2.7559999999999967
119.05445999999938	3.192999999999998
122.01280000000408	3.2149999999999963
124.13042000000132	3.3099999999999987
127.91440000000148	3.1839999999999975
138.08280999999985	3.567999999999998
/
-12.063799999996261	1.0129999999999981
-8.102959999996528	0.46699999999999875
-7.133529999999155	0.3689999999999998
-6.106789999998009	0.3049999999999997
-5.18033000000287	0.23300000000000054
-4.150900000000555	0.16399999999999793
-2.1500699999960533	0.053000000000000824
-1.0325599999996529	0.0
-0.11374999999680556	0.0070000000000014495
0.7355600000009838	0.0030000000000001137
1.8213699999978357	0.019000000000001904
11.923840000003102	0.2339999999999982
12.821649999998044	0.3520000000000003
13.795490000004062	0.36499999999999844
14.855360000001378	0.402000000000001
15.766560000003658	0.4770000000000003
16.808909999999734	0.5210000000000008
19.897239999998416	0.6900000000000013
20.804430000003773	0.7160000000000011
22.873500000001506	0.8419999999999987
26.734190000002847	0.9849999999999994
27.620970000003577	1.0109999999999992
37.71424000000115	1.2560000000000002
40.70238999999855	1.318999999999999
41.734929999998705	1.3719999999999999
48.592029999999795	1.536999999999999
53.6180200000017	1.6280000000000001
54.61087000000406	1.6819999999999986
56.57738999999855	1.7100000000000009
62.565159999998286	1.904
64.56401000000186	1.908999999999999
66.68291999999929	1.911999999999999
70.58542999999918	2.039999999999999
75.56118000000424	2.225999999999999
89.62492999999813	2.4899999999999984
92.70117000000026	2.5710000000000015
96.5824799999973	2.6630000000000003
100.59829000000173	2.696999999999999
102.62658999999985	2.6799999999999997
107.62369000000035	2.9669999999999987
110.61491000000386	2.8760000000000012
111.61405000000377	3.093
112.63096999999833	3.0869999999999997
120.6055800000031	3.3550000000000004
132.60343999999893	3.5489999999999995
/
-3.023349999995845	0.31700000000000017
-3.0062199999956714	0.36100000000000065
-2.0123099999982523	0.19599999999999795
-1.999149999996007	0.17800000000000082
-0.010190000000879629	0.06799999999999784
0.003909999999444445	0.08899999999999864
0.9835299999976967	0.038000000000000256
1.003730000003993	0.07699999999999818
2.9752900000021296	0.0009999999999976694
3.976309999998183	0.0
5.017910000002292	0.012999999999998124
11.972600000000961	0.33899999999999864
13.969700000001458	0.38700000000000045
14.97117000000434	0.5429999999999993
15.969279999997523	0.6310000000000002
15.984960000001585	0.5619999999999976
16.967389999997973	0.6400000000000006
16.978830000000013	0.6119999999999983
19.974699999998844	0.8089999999999975
24.988129999997906	1.0829999999999984
26.984080000001992	1.5219999999999985
/
-11.017130000000185	1.2149999999999999
-7.801049999994583	0.6890000000000001
-5.892149999999676	0.46300000000000097
-4.8629299999956945	0.4029999999999987
-3.852459999994618	0.3219999999999992
-2.9823499999984144	0.28000000000000114
-1.8512100000007292	0.21099999999999852
-0.9226599999965509	0.18799999999999883
-0.9061899999942477	0.16199999999999903
-0.0640899999998611	0.11799999999999855
-0.00859999999375	0.15200000000000102
0.12705000000277777	0.129999999999999
1.1055600000035994	0.11100000000000065
1.1407700000054282	0.11400000000000077
3.1170200000051387	0.05600000000000094
4.056640000002512	0.0
5.10892000000603	0.03900000000000148
5.126159999999792	0.05600000000000094
6.071900000002639	0.053999999999998494
7.002490000006215	0.06099999999999994
8.160780000005614	0.0940000000000012
8.177360000001492	0.08399999999999963
9.178010000003264	0.05900000000000105
10.150900000000544	0.10200000000000031
11.161640000005718	0.10699999999999932
12.16106000000581	0.23000000000000043
13.169880000001285	0.20500000000000185
14.163490000006274	0.25
14.989130000001747	0.3240000000000016
24.167160000004515	0.6119999999999983
25.08532000000559	0.6589999999999989
26.992600000005034	0.7330000000000005
30.94434000000183	0.9140000000000015
31.137820000003554	0.9349999999999987
31.97066000000632	0.9230000000000018
42.05946000000403	1.2620000000000005
42.084560000002966	1.3079999999999998
46.127520000001816	1.4259999999999984
48.05441000000427	1.4009999999999998
58.99190000000089	1.600999999999999
81.96644999999988	2.215
82.94568000000436	2.003
83.99005000000034	2.2369999999999983
85.96583000000099	2.2059999999999995
94.91849999999975	2.3560000000000016
97.89415000000008	2.559000000000001
103.91508000000613	2.4499999999999993
115.92801000000327	2.8859999999999992
115.94459000000643	2.8820000000000014
/
-11.599999999998541	1.1799999999999997
-4.599999999998541	0.730000000000004
-1.5999999999985417	0.1600000000000037
-0.5999999999985417	0.08000000000000185
0.40000000000145836	0.05000000000000426
1.4000000000014583	0.10000000000000142
2.4000000000014583	0.08000000000000185
4.400000000001459	0.0
5.400000000001459	0.020000000000003126
11.400000000001459	0.1700000000000017
17.40000000000146	0.3100000000000023
18.40000000000146	0.38000000000000256
20.40000000000146	0.39000000000000057
128.0	3.6000000000000014
131.20000000000437	3.66
178.09999999999857	4.460000000000001
195.0	4.670000000000002
332.0	6.710000000000001
361.40000000000146	7.370000000000001
443.30000000000297	8.329999999999998
/
-2.9000000000014468	0.17600000000000016
-2.9000000000014468	0.5459999999999994
0.0	0.16799999999999926
6.0	0.0860000000000003
7.099999999998553	0.11599999999999966
7.099999999998553	0.5169999999999995
9.0	0.05799999999999983
9.099999999998554	0.09699999999999953
9.099999999998554	0.5169999999999995
10.099999999998554	0.08699999999999974
10.099999999998554	0.5149999999999988
11.099999999998554	0.09499999999999886
12.0	0.049999999999998934
13.099999999998554	0.09199999999999875
15.0	0.10699999999999932
15.099999999998554	0.05400000000000027
17.0	0.10299999999999976
18.099999999998552	0.04800000000000004
20.0	0.0779999999999994
22.099999999998552	0.08000000000000007
22.099999999998552	0.5269999999999992
25.0	0.05400000000000027
26.0	0.0730000000000004
26.099999999998552	0.5309999999999988
28.0	0.06799999999999962
28.0	0.5350000000000001
28.099999999998552	0.0009999999999994458
29.0	0.049999999999998934
30.099999999998552	0.5239999999999991
31.099999999998552	0.032999999999999474
31.099999999998552	0.0389999999999997
33.0	0.04899999999999949
34.0	0.5410000000000004
35.0	0.04100000000000037
35.09999999999855	0.5079999999999991
35.899999999994186	0.5309999999999988
37.0	0.0649999999999995
38.0	0.5299999999999994
39.0	0.06199999999999939
39.0	0.07499999999999929
40.09999999999855	0.5289999999999999
41.0	0.0730000000000004
42.0	0.5429999999999993
43.0	0.06099999999999994
47.0	0.009000000000000341
48.0	0.5440000000000005
55.0	0.5419999999999998
56.0	0.023999999999999133
59.0	0.0389999999999997
59.0	0.5410000000000004
64.0	0.02099999999999902
65.0	0.532
67.09999999999856	0.0
74.0	0.004999999999999005
75.0	0.5239999999999991
79.8999999999942	0.5179999999999989
80.8999999999942	0.02099999999999902
83.0	0.5199999999999996
86.0	0.03599999999999959
90.8999999999942	0.06099999999999994
93.79999999999563	0.07599999999999874
93.8999999999942	0.5579999999999998
99.8999999999942	0.13400000000000034
100.79999999999563	0.125
101.8999999999942	0.1349999999999998
101.8999999999942	0.6169999999999991
114.79999999999565	0.3089999999999993
114.8999999999942	0.8229999999999986
117.8999999999942	0.3979999999999997
118.8999999999942	1.1049999999999986
123.79999999999565	0.6760000000000002
128.0	1.530999999999997
130.0	1.0789999999999988
132.89999999999418	1.2359999999999989
133.79999999999563	1.7159999999999993
134.79999999999563	1.7539999999999996
135.89999999999418	1.7959999999999976
140.79999999999563	1.8529999999999962
163.89999999999418	1.312999999999997
246.6999999999971	2.8839999999999986
/
-13.870784000006088	0.7940000000000005
-11.8868580000053	0.6460000000000008
-4.9400000000023265	0.2049999999999983
-2.8731100000004512	0.14499999999999957
-1.8147900000039932	0.11599999999999966
-0.9154500000004167	0.12600000000000122
0.03999999999359954	0.10500000000000043
0.07175999999891204	0.08099999999999952
0.0736319999996412	0.11700000000000088
1.0849400000006482	0.09100000000000108
1.140875999997662	0.08899999999999864
2.0681129999939003	0.0
3.051929999994178	0.09700000000000131
4.060928999999305	0.08500000000000085
4.064269999995313	0.10200000000000031
10.115050000000346	0.13500000000000156
12.053280000000093	0.28600000000000136
12.067260999996517	0.33899999999999864
13.073689999997443	0.33800000000000097
16.11049999999523	0.4430000000000014
16.149017999996435	0.46000000000000085
17.00999999999477	0.4789999999999992
20.137225999998925	0.5539999999999985
20.9300000000003	0.6110000000000007
22.06167999999889	0.6419999999999995
22.09269099999802	0.6449999999999996
27.136649000000034	0.7839999999999989
29.04219999999624	0.8320000000000007
29.93999999999506	0.8820000000000014
32.05653399999574	0.9379999999999988
32.95647999999347	0.9170000000000016
33.84999999999855	0.9780000000000015
37.94374999999855	0.995000000000001
40.88999999999942	1.1400000000000006
41.08309199999349	1.1550000000000011
43.04703999999765	1.4160000000000004
45.053609999995395	1.2250000000000014
45.06245800000033	1.2469999999999999
48.04888499999653	1.2600000000000016
51.04303599999549	1.3129999999999988
54.04777599999943	1.3550000000000004
54.94094000000042	1.4770000000000003
56.04419799999596	1.3879999999999981
56.97159999999713	1.4299999999999997
59.86999999999535	1.5169999999999995
67.84999999999856	1.681000000000001
67.92388999999822	1.7620000000000005
71.85411999999633	1.9519999999999982
72.8947199999966	1.8359999999999985
73.89925999999832	1.5970000000000013
75.87748999999894	1.8359999999999985
76.86999999999534	1.7310000000000016
77.8709600000002	1.9029999999999987
83.83999999999652	1.9269999999999996
85.86919999999373	2.096
86.9083099999989	2.155000000000001
93.88162000000011	2.405000000000001
98.84676999999647	2.4589999999999996
129.79205999999976	2.6050000000000004
/
-15.94900000000052	1.990000000000002
-14.947000000000116	1.7290000000000028
-14.016000000003253	1.4890000000000008
-11.859000000004016	1.0060000000000002
-10.925999999999467	0.870000000000001
-7.001000000003843	0.39199999999999946
-0.8120000000053472	0.05500000000000327
-0.4172000000034954	0.4920000000000009
0.0	0.05000000000000071
0.49081999999907405	0.4670000000000023
1.1929999999993055	0.012000000000000455
2.4989900000000578	0.42400000000000304
6.4774399999951155	0.42400000000000304
7.050999999999479	0.0
7.516109999996852	0.43400000000000105
8.502959999997985	0.4430000000000014
9.144999999996806	0.009000000000000341
9.471099999995209	0.45700000000000074
11.46443	0.48900000000000077
12.167999999997848	0.06099999999999994
16.066999999995463	0.18900000000000006
16.47419000000082	0.6630000000000003
18.645659999994677	0.7410000000000032
21.452180000000233	0.8960000000000008
21.926999999996042	0.43599999999999994
23.449560000000936	0.9750000000000014
25.45901999999478	1.065999999999999
26.02599999999802	0.5500000000000007
29.93699999999808	0.6580000000000013
30.559359999999295	1.2630000000000017
31.529049999997373	1.3080000000000034
33.03600000000006	0.7399999999999984
33.506959999998806	1.3640000000000008
34.53398999999627	1.3889999999999993
36.47198999999819	1.448000000000004
37.089999999996515	0.8510000000000026
37.52065999999468	1.4839999999999982
38.48109999999725	1.495000000000001
39.46244999999909	1.5280000000000022
40.558569999993786	1.5509999999999984
40.927999999999884	0.9490000000000016
46.06799999999931	1.0079999999999991
48.446309999999364	1.713000000000001
48.90999999999622	1.0650000000000013
56.45310999999493	1.8800000000000026
58.49725999999646	1.892000000000003
61.47425999999542	1.9770000000000039
62.4430399999983	1.9970000000000034
63.919999999998254	1.2669999999999995
65.44294999999693	2.0400000000000027
68.91599999999744	1.3760000000000012
75.0309999999954	1.4730000000000025
85.47483999999531	2.2710000000000043
85.92099999999482	1.6250000000000036
88.45874999999796	2.4300000000000033
96.95299999999406	1.738000000000003
103.95299999999406	1.8760000000000012
108.95100000000093	1.9750000000000014
198.32200000000012	3.1970000000000027
221.29799999999523	3.4250000000000043
223.28600000000006	3.431000000000001
239.30999999999767	3.748000000000001
249.23300000000017	3.7850000000000037
/
-7.11000000000059	0.5519999999999996
-7.088600000002778	0.5759999999999987
-6.260000000002037	0.4559999999999995
-6.1280800000022335	0.4770000000000003
-2.239999999997963	0.1379999999999999
1.6999999999970834	0.0
9.849999999998541	0.07199999999999918
12.760000000002037	0.1980000000000004
13.760000000002037	0.24799999999999933
16.879999999997374	0.39700000000000024
17.79000000000087	0.45500000000000007
19.808899999996353	0.6310000000000002
20.769999999996795	0.6129999999999995
21.760000000002037	0.6369999999999987
21.794280000001887	0.7140000000000004
23.769999999996795	0.7519999999999989
23.82862999999633	0.7669999999999995
24.79000000000087	0.8079999999999998
25.75	0.8259999999999987
26.760000000002037	0.8499999999999996
26.77795999999943	0.9380000000000006
27.760000000002037	0.9090000000000007
28.799999999995638	0.9339999999999993
28.805719999996654	0.9750000000000014
30.760000000002037	0.9820000000000029
34.69999999999708	1.1050000000000004
36.77999999999883	1.1660000000000004
38.75	1.2100000000000009
39.73917000000074	1.311
39.75	1.2340000000000018
39.793910000000324	1.306000000000001
42.812890000001055	1.3270000000000017
47.70999999999912	1.402000000000001
48.73999999999796	1.4190000000000005
49.73999999999796	1.439
50.76000000000204	1.4550000000000018
50.8203199999989	1.689
52.70999999999912	1.4969999999999999
53.76999999999679	1.5010000000000012
55.69999999999708	1.5630000000000024
56.729999999995925	1.564
78.72058000000106	2.113000000000003
78.73490999999922	2.1320000000000014
86.7196399999957	2.141000000000002
/
-6.288599999999861	0.33800000000000274
-5.266600000002662	0.23900000000000077
-2.2286000000021993	0.0909999999999993
0.7163999999975116	0.030999999999998806
1.8123999999952431	0.0129999999999999
2.711400000000139	0.0
3.490399999995127	0.02999999999999936
3.7073999999993172	0.0129999999999999
6.700399999994259	0.0730000000000004
7.69739999999728	0.10099999999999909
8.473399999995301	0.12599999999999945
8.694400000000313	0.13599999999999923
9.522399999994375	0.1639999999999997
9.692399999999907	0.16600000000000037
12.450399999994259	0.21300000000000097
13.448399999993855	0.30100000000000016
15.514400000000023	0.39800000000000146
15.675400000000081	0.41600000000000215
22.644399999997397	0.6570000000000018
23.654399999999434	0.6980000000000022
24.651399999995185	0.719000000000003
28.51839999999355	0.8600000000000012
37.69239999999991	1.104000000000001
41.51440000000002	1.1530000000000005
41.618399999999376	1.1910000000000007
59.508399999998794	1.5210000000000026
64.63039999999455	1.6390000000000011
65.53839999999762	1.6349999999999998
66.53639999999723	1.6639999999999997
68.53139999999985	1.6910000000000007
69.52839999999559	1.702
70.52539999999863	1.7260000000000009
71.52339999999822	1.7100000000000026
72.51939999999739	1.692000000000002
76.5083999999988	1.8060000000000027
82.49339999999937	1.876000000000003
83.48939999999857	1.9010000000000016
84.48739999999816	1.9020000000000028
85.69039999999949	1.9429999999999996
86.52039999999397	1.9300000000000015
87.47939999999653	1.9670000000000005
88.47639999999954	1.955
89.48539999999774	1.9680000000000017
90.56439999999564	2.003000000000002
110.26640000000042	2.203000000000001
121.42639999999665	2.4560000000000013
134.63639999999577	2.702
137.62039999999976	2.7500000000000018
137.62739999999758	2.7420000000000027
138.6093999999939	2.755000000000001
139.5823999999993	2.7750000000000004
140.6443999999974	2.7780000000000005
142.60339999999997	2.8100000000000005
150.61639999999898	2.9680000000000017
153.60839999999735	2.9990000000000006
159.61539999999513	3.106
160.5913999999975	3.014000000000001
161.5853999999963	3.1170000000000027
164.5983999999953	3.157000000000002
168.59039999999365	3.203000000000001
196.32739999999467	3.8209999999999997
/
-6.970000000001169	0.23900000000000254
-6.0	0.19000000000000306
-2.0299999999988425	0.008000000000002672
-1.0	0.0
1.9700000000011575	0.005000000000002558
5.989999999997963	0.03900000000000148
8.95999999999912	0.08900000000000219
9.989999999997963	0.11700000000000443
13.979999999995925	0.267000000000003
16.979999999995925	0.381000000000002
17.970000000001157	0.3790000000000031
20.949999999997083	0.5390000000000033
22.14220999999816	0.6340000000000021
23.04000000000087	0.6340000000000021
24.949999999997083	0.7200000000000024
26.939999999995045	0.7940000000000023
35.193630000001576	1.2370000000000019
37.0	1.1650000000000027
38.919999999998254	1.142000000000003
39.13298999999824	1.2100000000000009
44.01999999999679	1.3420000000000023
45.040000000000866	1.3070000000000022
47.08980000000156	1.4090000000000025
116.91391999999905	3.0450000000000017
149.861619999996	3.4650000000000034
/
-13.199999999997083	0.35999999999999943
-11.940000000002327	0.4800000000000004
-10.27999999999883	0.5
-9.169999999998252	0.4499999999999993
-5.199999999997083	0.21000000000000085
-4.129999999997384	0.17999999999999972
-3.1600000000034956	0.19000000000000128
-2.2200000000011575	0.10000000000000142
-1.0	0.05000000000000071
-0.989999999997963	0.07000000000000028
0.0	0.07000000000000028
0.010000000002037037	0.05000000000000071
2.980000000003206	0.0
3.970000000001169	0.05000000000000071
4.879999999997384	0.060000000000002274
10.870000000002616	0.1999999999999993
11.889999999999421	0.23000000000000043
12.75	0.3100000000000023
13.870000000002616	0.3000000000000007
15.870000000002616	0.33000000000000185
17.970000000001168	0.46000000000000085
18.919999999998254	0.4700000000000024
19.800000000002917	0.4499999999999993
19.830000000001746	0.5
28.79000000000088	0.5700000000000003
32.849999999998545	0.8000000000000007
34.830000000001746	0.8000000000000007
35.900000000001455	0.8200000000000003
37.83999999999651	0.9200000000000017
47.80000000000292	1.0400000000000027
49.849999999998545	1.1900000000000013
51.87000000000261	1.0700000000000003
53.73999999999796	1.1500000000000021
54.80999999999767	1.0100000000000016
57.849999999998545	1.3399999999999999
62.75	1.25
65.84999999999854	1.2900000000000027
66.80999999999767	1.3200000000000003
71.75	1.4400000000000013
72.68000000000029	1.490000000000002
75.73999999999796	1.4299999999999997
77.66999999999825	1.6400000000000006
82.73999999999796	1.620000000000001
83.83999999999651	1.5500000000000007
83.83999999999651	1.6099999999999994
85.72000000000116	1.7300000000000004
89.81999999999971	1.8900000000000006
90.7300000000032	1.75
91.65000000000146	1.9700000000000024
92.80000000000291	1.7300000000000004
100.62999999999738	2.080000000000002
100.7300000000032	1.7800000000000011
106.65000000000146	2.0
107.7300000000032	2.1099999999999994
116.70999999999913	2.16
120.68000000000028	2.1000000000000014
129.63999999999942	2.1999999999999993
132.69000000000233	2.1300000000000026
142.65000000000146	2.490000000000002
151.65000000000146	2.5100000000000016
/
-10.823550000000983	0.9599999999999973
-7.918330000000428	0.6639999999999979
-6.978610000005578	0.5459999999999994
-5.9666300000026276	0.5019999999999989
-4.971260000005717	0.4259999999999984
-3.971370000006574	0.36499999999999844
-2.8793600000062733	0.2799999999999976
-1.894410000000787	0.22499999999999787
-1.0497300000060996	0.19599999999999795
-0.004619999999710648	0.1529999999999987
7.240409999998518	0.012999999999998124
9.20776999999361	0.0
12.062439999994236	0.021999999999998465
13.132229999995614	0.04999999999999716
16.12337999999727	0.1039999999999992
17.110919999999165	0.16300000000000026
19.171439999998253	0.1789999999999985
21.066569999995405	0.26399999999999935
22.855099999993392	0.3089999999999975
24.153589999994434	0.3879999999999981
27.007760000000417	0.49099999999999966
28.227129999999306	0.5380000000000003
29.219319999996515	0.48799999999999955
29.858209999998508	0.5380000000000003
38.029099999999744	0.7439999999999998
39.82213000000046	0.8349999999999973
44.03752999999414	0.8789999999999978
45.08404999999766	0.940999999999999
47.032039999998226	0.9599999999999973
52.08249999999679	1.078999999999997
75.08874999999533	1.4420000000000002
137.91655999999782	2.725999999999999
/
-9.87180000000081	1.011000000000001
-8.861799999998773	0.8599999999999977
-5.861799999998773	0.4819999999999993
-4.861799999998773	0.3929999999999989
-3.861799999998773	0.2939999999999987
-2.8718000000008104	0.23099999999999987
-0.8718000000008101	0.09699999999999953
1.1281999999991899	0.005999999999998451
2.138200000001227	0.0
5.12819999999919	0.05599999999999916
6.12819999999919	0.08199999999999896
7.118200000004433	0.11899999999999977
10.118200000004434	0.24299999999999855
15.108200000002396	0.42300000000000004
21.118200000004432	0.6589999999999989
26.108200000002395	0.8109999999999982
30.098200000000357	0.9109999999999996
/
-6.980000000003194	1.5299999999999976
-6.970000000001157	1.1099999999999994
-5.900000000001447	0.9199999999999982
-5.879999999997373	1.2999999999999972
-5.010000000002037	0.7200000000000024
-4.989999999997963	1.1099999999999994
-4.959999999999121	0.7100000000000009
-4.010000000002037	0.5299999999999976
-3.9800000000031943	0.9100000000000001
-3.9500000000043634	0.9100000000000001
-2.9700000000011575	0.35999999999999943
-2.9000000000014468	0.7799999999999976
-2.010000000002037	0.22000000000000242
-2.0	0.620000000000001
1.0499999999956366	0.39000000000000057
5.019999999996806	0.41000000000000014
5.989999999997963	0.0
8.080000000001748	0.5400000000000027
11.04000000000088	0.7600000000000016
12.029999999998843	0.9100000000000001
13.139999999999421	0.5400000000000027
14.029999999998843	1.0399999999999991
16.04000000000088	1.1499999999999986
17.04000000000088	1.2299999999999969
17.04000000000088	1.2899999999999991
18.04000000000088	1.2899999999999991
19.120000000002626	1.379999999999999
23.059999999997675	1.0599999999999987
27.019999999996806	1.3299999999999983
29.0	1.3999999999999986
31.010000000002037	1.7199999999999989
160.34999999999857	4.209999999999997
212.3600000000006	5.319999999999997
/
-4.776110000006146	0.19000000000000128
-3.9319000000032176	0.10700000000000287
10.10809999999765	0.0
10.948099999994167	0.04100000000000037
11.968099999998241	0.062000000000001165
12.122649999997524	0.0259999999999998
13.051019999998982	0.06900000000000261
14.028099999995902	0.18300000000000338
26.171949999996297	0.5720000000000027
28.96809999999824	0.7120000000000033
35.058099999994745	0.8770000000000024
37.07059999999911	0.7440000000000033
38.96809999999824	0.9680000000000035
39.08218999999373	0.8950000000000031
47.018099999993865	1.1510000000000034
48.02455999999802	1.0430000000000028
51.908100000000566	1.2360000000000042
52.03551999999764	1.0820000000000043
53.99998000000051	1.179000000000002
56.01100999999472	1.174000000000003
57.988099999995036	1.3800000000000026
60.05720999999904	1.2930000000000028
62.03323999999702	1.338000000000001
64.93971999999485	1.3670000000000009
65.95809999999621	1.5480000000000018
67.87809999999446	1.605000000000004
67.97090000000027	1.4410000000000025
84.85809999999765	1.9700000000000024
94.86809999999969	2.307000000000002
96.83809999999357	2.227000000000004
112.81809999999679	2.6970000000000027
116.83809999999356	2.771000000000001
121.79809999999998	2.7390000000000043
/
-12.001290000000163	0.29100000000000215
-7.997430000003079	0.2800000000000029
-5.0510600000052435	0.14600000000000257
-0.00462000000699074	0.0
0.998189999998426	0.006000000000000227
1.8501199999955094	0.0
2.959569999999074	0.07800000000000118
7.812999999994641	0.4480000000000022
14.80804999999963	0.8290000000000024
15.818899999998392	0.8610000000000024
18.954739999993762	0.9910000000000014
20.974759999997325	1.0260000000000016
21.919839999995013	1.0520000000000014
22.939839999999087	1.070000000000002
23.961919999994272	1.0770000000000035
25.961659999993564	1.1290000000000031
28.96271999999589	1.2130000000000027
29.98193999999785	1.2400000000000002
30.975499999993183	1.2950000000000035
31.899799999999225	1.3400000000000016
34.94924999999783	1.3700000000000028
36.9574599999978	1.4430000000000032
42.94337999999697	1.511000000000001
43.9426800000001	1.5290000000000017
46.92152999999962	1.5810000000000013
50.92675999999483	1.7430000000000003
52.89808999999513	1.7070000000000025
53.928319999999076	1.753000000000002
54.934859999993925	1.8090000000000028
55.8686499999967	1.7790000000000017
57.84832999999344	1.8400000000000016
59.829469999996945	1.8680000000000003
62.863579999997455	1.9760000000000009
63.90792999999393	1.9930000000000003
64.84063999999488	2.019
65.7523199999996	1.9230000000000036
67.80783999999403	2.216000000000003
71.88454999999522	2.227000000000002
73.89625999999406	2.2380000000000013
74.81895999999688	2.2600000000000033
104.78070999999908	2.860000000000001
/
-11.154719999998635	0.6900000000000013
-10.103029999998391	0.5739999999999981
-9.194719999999503	0.4430000000000014
-6.028669999999687	0.2560000000000002
-4.194719999999502	0.09299999999999997
-0.004619999999699074	0.038000000000000256
0.7952800000057407	0.0
1.9949200000046412	0.0799999999999983
3.845280000001366	0.04100000000000037
5.025320000000648	0.10699999999999932
7.018720000000035	0.21199999999999974
7.785280000003704	0.19699999999999918
9.95297000000574	0.3049999999999997
10.76527999999963	0.32099999999999795
11.925360000001099	0.43599999999999994
12.795280000005741	0.4579999999999984
16.03573999999935	0.7169999999999987
16.83099000000221	0.7680000000000007
17.785280000003702	0.7850000000000001
18.83751000000485	0.8619999999999983
20.853050000005172	0.9879999999999995
23.735280000000788	1.1099999999999994
27.923999999999076	1.227999999999998
28.919229999999512	1.158999999999999
29.959549999999584	1.3719999999999999
30.881320000000418	1.2220000000000013
33.98919000000024	1.404
38.72528000000603	1.506999999999998
39.86283000000549	1.5410000000000004
47.68528000000515	1.6769999999999996
55.703540000002256	1.9430000000000014
57.71528000000399	1.876999999999999
61.75878999999986	1.809000000000001
65.63528000000224	2.0360000000000014
65.8365300000005	2.117000000000001
75.7349200000026	2.2860000000000014
77.64528000000428	2.1189999999999998
85.65527999999904	2.3200000000000003
85.72398000000248	2.440999999999999
87.72255000000587	2.3369999999999997
89.67586999999912	2.5869999999999997
90.68735000000015	2.5680000000000014
103.75865999999951	2.7439999999999998
104.69686999999976	2.7049999999999983
/
-15.049999999995636	1.4989999999999988
-14.059999999997673	1.3019999999999996
-13.040000000000868	1.1409999999999982
-9.949999999997083	0.7129999999999974
-9.040000000000868	0.6069999999999993
-8.0	0.45899999999999963
-7.019999999996794	0.39899999999999736
-6.0	0.2959999999999994
-4.989999999997963	0.24499999999999744
-0.989999999997963	0.05799999999999983
0.0	0.03599999999999781
1.0500000000029166	0.011999999999996902
2.0500000000029166	0.0009999999999976694
3.0500000000029166	0.008999999999996788
3.980000000003206	0.0
6.010000000002037	0.05999999999999872
6.980000000003206	0.09299999999999997
11.97000000000117	0.29999999999999716
14.980000000003207	0.4599999999999973
19.95999999999913	0.6449999999999996
28.980000000003205	0.9349999999999987
36.900000000001455	1.1069999999999993
40.87000000000261	1.1849999999999987
44.93000000000029	1.2809999999999988
47.88000000000465	1.3619999999999983
54.88999999999942	1.4939999999999998
/
-12.121300000006157	0.16000000000000014
-8.121300000006157	0.17999999999999972
-6.1213000000061575	0.120000000000001
-4.141300000002963	0.120000000000001
-0.16129999999975694	0.10000000000000142
1.858699999997037	0.07000000000000028
5.848699999995	0.08000000000000185
19.838700000000244	0.030000000000001137
23.788699999997327	0.030000000000001137
28.788699999997327	0.010000000000001563
31.88869999999588	0.019999999999999574
41.7586999999985	0.0
44.838700000000244	0.019999999999999574
50.74869999999646	0.05000000000000071
54.77869999999529	0.0
58.77869999999529	0.0400000000000027
62.70869999999558	0.0
69.69869999999354	0.08000000000000185
73.66869999999471	0.14000000000000057
77.65869999999995	0.15000000000000213
87.65869999999995	0.3000000000000007
95.64869999999792	0.4400000000000013
100.67869999999675	0.860000000000003
109.62869999999384	1.6400000000000006
/
-5.049200000001297	0.31899999999999906
-3.8591499999965855	0.29799999999999827
-0.9891999999963426	0.11700000000000088
-0.004639999999201389	0.09600000000000009
1.0108000000036574	0.028999999999999915
1.9907999999995833	0.0
4.010800000003657	0.0
5.030800000000451	0.015000000000000568
10.980799999997545	0.3359999999999985
12.990799999999583	0.44899999999999807
13.022900000003576	0.4559999999999995
13.960800000000742	0.4469999999999992
18.97080000000278	0.7740000000000009
20.207510000000184	0.8640000000000008
21.099179999997432	0.9139999999999979
23.096839999998334	1.033999999999999
25.035889999999203	1.1140000000000008
26.151019999997512	1.0969999999999978
27.016340000001943	1.1430000000000007
27.96080000000074	1.0700000000000003
30.002489999998947	1.2059999999999995
31.095880000000765	1.2300000000000004
34.08181000000331	1.4269999999999996
35.9507999999987	1.3299999999999983
38.004419999997474	1.533999999999999
39.94079999999666	1.4519999999999982
41.93080000000191	1.471
46.00325000000157	1.596
47.97424999999931	1.7079999999999984
52.0049399999989	1.8870000000000005
76.0448899999974	1.931000000000001
/
0.9700000000011574	0.0
4.900000000001447	0.29999999999999716
21.919999999998254	0.9699999999999989
59.75	1.9999999999999964
68.79999999999563	2.3299999999999947
82.7699999999968	2.4099999999999966
97.72999999999593	2.7199999999999953
109.72000000000116	2.9699999999999953
127.76000000000204	3.2499999999999964
356.0199999999968	6.669999999999998
/
-7.711539999996597	0.5070000000000014
-5.7700599999952775	0.16250000000000142
-1.692409999996007	0.22850000000000037
3.240140000001713	0.0
5.244330000001366	0.05250000000000199
8.39493000000221	0.16600000000000037
9.258720000005278	0.2035000000000018
10.270860000004179	0.25700000000000145
11.248550000003888	0.27449999999999974
13.245910000005104	0.3584999999999994
15.253850000000972	0.46000000000000085
17.248750000006122	0.6655000000000015
20.298390000003565	1.1664999999999992
21.360060000006342	1.5655000000000001
22.311980000005867	1.4235000000000007
45.27189999999973	3.9090000000000025
47.24617000000581	3.8405000000000022
48.26368999999978	4.053000000000001
49.262829999999674	4.264500000000002
54.25958000000538	4.5685
/
-9.946279000003415	0.477999999999998
-6.903607000000185	0.21300000000000097
-6.129999999997373	0.14199999999999946
-3.8846410000041898	0.07099999999999795
0.0	0.0
4.9400000000023265	0.08800000000000097
7.099077999999283	0.1039999999999992
7.879999999997384	0.11799999999999855
8.860000000000591	0.1529999999999987
12.909999999996215	0.39199999999999946
13.116814000000891	0.41199999999999903
14.93000000000029	0.5069999999999979
15.1167609999975	0.5399999999999991
18.105502999998865	0.7510000000000012
18.90000000000146	0.7510000000000012
19.011184000002686	0.7910000000000004
20.11113699999987	0.8569999999999993
21.0	0.8689999999999998
21.095918999999423	0.8960000000000008
23.995713999996955	1.0990000000000002
26.08516100000271	1.1780000000000008
29.057005000002395	1.3030000000000008
31.048479999997664	1.3649999999999984
33.900000000001455	1.4929999999999986
34.010103000000534	1.472999999999999
36.95136900000217	1.6310000000000002
46.0142330000017	2.285
47.00531000000046	2.372
56.93000000000029	3.009999999999998
71.83000000000175	3.7659999999999982
75.87000000000263	3.7639999999999993
85.77999999999884	4.294999999999998
/
-20.919999999998254	1.1270000000000024
-18.803710000000137	1.4559999999999995
-13.899999999994177	0.7610000000000028
-12.93000000000029	0.6880000000000024
-12.793039999996841	0.7420000000000009
-11.873309999995405	0.6360000000000028
-10.909999999996215	0.5690000000000026
-2.9300000000002893	0.16799999999999926
0.0	0.06800000000000139
2.050000000002905	0.015000000000000568
3.9900000000052316	0.014000000000002899
5.050000000002905	0.0
258.3847900000037	4.349
/
-9.095720000004803	0.4070000000000036
-8.103029999998403	0.39800000000000324
-1.98757000000478	0.14800000000000324
-0.9985999999989931	0.030999999999998806
-0.9850500000029629	0.02300000000000324
0.9302400000015046	0.11500000000000199
3.869999999995336	0.04800000000000182
4.867959999995949	0.0
7.98453000000154	0.14600000000000435
17.920010000001632	0.2960000000000029
17.937249999995394	0.27400000000000446
17.954259999998612	0.2770000000000046
18.807520000002107	0.32600000000000406
21.8373700000011	0.4430000000000014
23.844479999999745	0.47300000000000253
24.849709999994953	0.5280000000000022
27.82048999999824	0.6550000000000047
33.87116999999853	0.9120000000000026
74.7777500000011	1.7900000000000027
86.75355000000125	1.9420000000000037
/
-15.92539299999772	1.75
-12.02678000000015	0.8080000000000034
-9.06678000000102	0.4400000000000013
-8.934494000000996	0.35600000000000165
-7.056779999998981	0.23400000000000176
-5.936401999999363	0.0
-2.0288499999951504	0.03200000000000003
-0.006020000000717593	0.0070000000000014495
0.9843000000037153	0.04200000000000159
3.057386000000405	0.028000000000002245
6.913220000002176	0.32200000000000273
7.019079999998206	0.29900000000000304
7.0612909999981595	0.272000000000002
8.997260000003727	0.40400000000000347
9.079798999999179	0.4450000000000003
9.984470000003055	0.45600000000000307
10.057007000003066	0.45700000000000074
11.069920000001725	0.6050000000000004
13.055073000003171	0.6370000000000005
15.07697400000324	0.7330000000000005
18.04527200000302	0.8780000000000001
18.97559000000183	1.0020000000000024
20.90322000000014	1.0850000000000009
20.981469999998808	1.2320000000000029
25.03399000000354	1.4940000000000033
28.951280000001134	1.4490000000000016
29.954230000003008	1.4730000000000025
30.972939999999653	1.3860000000000028
33.94322000000102	1.463000000000001
35.94662999999854	1.333000000000002
40.984779999998864	1.6380000000000017
/
