-17.44248491855803
-18.07945784840787
-15.885505828173997
-17.12345956359868
-17.417631531951653
-17.69642887985409
-17.444805438319904
-14.265476523669598
-15.993000123279625
-17.741195787196624
-16.205853156482892
-16.652824739389438
-18.341809249635652
-17.728610031490344
-15.779972046639813
-17.111590388730807
-17.00114068726791
-17.751587576378707
-17.32224506183765
-17.253880856840773
-15.224458300334977
-16.936937740986245
-17.017738846393407
-18.81989672160225
-18.012843769171365
-16.655936461436397
-19.98206895678238
-20.748328985507253
-17.44248491855803
-15.885505828173997
-17.12345956359868
-17.417631531951653
-17.904203705372602
-26.068924865716237
-15.691832373360189
-19.101874375837617
-17.971917938339
-17.12468985425673
-17.532536683872927
-17.748773146891374
-16.174550443279628
-14.891852580602277
-17.471956066875208
-16.652824739389438
-17.59487988298775
-17.728610031490344
-16.518665549708174
-16.262764273669596
-17.169253043373747
-18.05887689633506
-17.74155671743475
-17.287061846493902
-17.751587576378707
-17.32224506183765
-17.737678177196624
-19.132813296488465
-17.358976864857084
-17.47099668
-16.038939486877936
-19.321312552011797
-16.921144201951655
-17.516283230170377
-19.823747552899857
-17.602081492235364
-16.4869104625938
-18.29862913769749
-19.07049562298775
-18.706245858261518
-18.382028805879088
-17.95990344476874
