9.700000000011573809e-01
1.700000000000000000e+01
0.000000000000000000e+00
-1.996999999999388820e+01
4.650000002592592427e-03
0.000000000000000000e+00
-1.800210000000515009e+01
0.000000000000000000e+00
-7.110000000000590070e+00
-8.919999999998251994e+00
0.000000000000000000e+00
-9.095720000004803296e+00
-3.198310000000493147e+01
-1.101713000000018461e+01
1.281099999978356496e-01
-2.430000000462962870e-03
-1.115471999999863506e+01
-1.387078400000608802e+01
-5.500000000029167113e-01
-3.230000002083333304e-03
-1.023990000001504530e+00
0.000000000000000000e+00
-5.049200000001296651e+00
-1.695050000002083390e+00
-1.594900000000052032e+01
4.419190699998576832e+00
3.699999999997094946e+00
1.188000000000465306e+01
9.700000000011573809e-01
0.000000000000000000e+00
-1.996999999999388820e+01
4.650000002592592427e-03
-6.580000000001748006e+00
-1.708300005706018610e-03
-8.979999999995925464e+00
-1.934290000004698973e+00
-6.141229999993819355e+00
-7.889800000004467684e+00
-7.230000000003205862e+00
-3.629999999247685103e-03
-6.970000000001168594e+00
1.000000000000000000e+00
-9.800000000031944269e-01
-9.095720000004803296e+00
0.000000000000000000e+00
-1.101713000000018461e+01
3.960000001828703833e-03
-5.023010000004433095e+00
1.966489999998888960e+00
-1.839000000473379678e-02
1.125339999998680618e+00
-4.600000000208333273e-03
-1.387078400000608802e+01
-5.500000000029167113e-01
-2.389000000402777615e-02
-4.629999995821759348e-03
-9.037639999995011664e+00
-7.959999999999120668e+00
-4.619999999699074024e-03
-2.068999999995868144e+00
0.000000000000000000e+00
0.000000000000000000e+00
0.000000000000000000e+00
0.000000000000000000e+00
2.970000000001169038e+00
-8.457999999998726537e+00
-3.091000000000349601e+01
-1.022999999999592546e+01
-1.190899999999964187e+01
-7.299999997488425783e-03
