-16.553587093279624
-18.187340467196627
-17.060962019389436
-18.94735836963565
-18.448013451490347
-17.65345326726791
-18.76123612637871
-18.288842496840772
-17.942670240986246
-17.458722686393404
-19.471079421602255
-18.075605869171362
-19.664908215507253
-23.695855885716234
-14.894749926891372
-17.073305653279625
-18.19877217687521
-17.060962019389436
-18.448013451490347
-17.8823288736696
-18.11635532633506
-18.76123612637871
-18.499044087196626
-19.488721436488465
-17.58250744
-17.623515981951655
-18.543778850170376
-20.497915112899857
-17.553360662593803
