/
-11.260000000002037	0.0
4.979999999995926	1.3500000000000014
5.029999999998831	1.3500000000000014
6.0800000000017365	1.2600000000000016
6.0800000000017365	1.2600000000000016
54.13999999999941	2.780000000000001
54.18000000000029	2.780000000000001
/
1.050000000002905	0.08000000000000185
1.0599999999976737	0.0
1.0999999999985417	0.0
1.0999999999985417	0.08000000000000185
/
/
/
/
/
-17.51310000000376	0.977999999999998
-16.51310000000376	0.9059999999999988
-12.513100000003762	0.7289999999999992
-10.513100000003762	0.5120000000000005
-9.5231000000058	0.5820000000000007
-8.533100000000568	0.5430000000000028
-6.523100000005798	0.4039999999999999
-5.523100000005798	0.3249999999999993
-5.423099999999977	0.40700000000000003
-4.523100000005798	0.41300000000000026
-4.463100000000856	0.4120000000000026
-3.5031000000017247	0.4469999999999992
-1.5131000000037615	0.2729999999999997
-1.433100000002014	0.1670000000000016
-0.5331000000005671	0.28300000000000125
-0.4631000000008565	0.16400000000000148
0.48689999999623845	0.18400000000000105
0.5668999999979861	0.14700000000000202
1.4868999999962385	0.35700000000000287
2.476899999994201	0.01699999999999946
3.4668999999994328	0.2029999999999994
5.466899999999433	0.07199999999999918
10.4768999999942	0.0
14.4768999999942	0.31099999999999994
16.476899999994203	0.14000000000000057
17.476899999994203	0.14700000000000202
26.48689999999624	0.277000000000001
/
/
/
