-6.950000000004364	1.3000000000000007
-6.880000000004665	1.200000000000001
-6.220000000001169	1.040000000000001
-6.029999999998843	0.9300000000000015
-6.0	0.8600000000000012
-5.0	0.6300000000000008
-4.980000000003206	0.6400000000000023
-4.010000000002037	0.490000000000002
-3.9300000000002893	0.4100000000000037
-3.9000000000014583	0.45000000000000107
-3.8000000000029166	0.4300000000000015
-2.0999999999985532	0.1700000000000017
-2.0400000000008798	0.15000000000000213
-1.0	0.08000000000000185
-0.5999999999985532	0.14000000000000057
-0.5999999999985532	0.23000000000000398
0.0	0.0
0.2999999999956366	0.10999999999999943
0.2999999999956366	0.13000000000000256
1.0	0.08000000000000185
1.0499999999956366	0.05000000000000071
1.1999999999970834	0.10000000000000142
1.1999999999970834	0.13000000000000256
2.0	0.14000000000000057
2.0400000000008682	0.19000000000000128
2.0499999999956366	0.13000000000000256
2.0999999999985417	0.13000000000000256
2.0999999999985417	0.1600000000000037
2.9000000000014468	0.19000000000000128
2.9199999999982524	0.21000000000000085
2.9499999999970834	0.1700000000000017
3.979999999995926	0.20000000000000284
3.979999999995926	0.38000000000000256
4.0	0.2700000000000031
4.199999999997083	0.28000000000000114
4.199999999997083	0.33000000000000185
4.930000000000289	0.3500000000000014
4.939999999995046	0.38000000000000256
5.199999999997083	0.35999999999999943
5.199999999997083	0.4300000000000015
5.919999999998252	0.47000000000000064
8.299999999995636	0.7000000000000011
8.299999999995636	0.7300000000000022
8.949999999997083	0.8400000000000016
9.919999999998252	0.9600000000000009
10.099999999998541	0.9100000000000019
10.099999999998541	0.9300000000000015
11.949999999997083	1.120000000000001
12.199999999997083	1.160000000000002
12.199999999997083	1.2300000000000022
15.199999999997083	1.4300000000000015
15.199999999997083	1.4800000000000022
17.09999999999854	1.6900000000000013
17.09999999999854	1.7300000000000022
17.909999999996217	1.820000000000002
17.919999999998254	1.790000000000001
18.900000000001448	1.9300000000000015
19.199999999997083	1.820000000000002
19.199999999997083	1.8300000000000018
19.88999999999941	2.0100000000000016
21.199999999997083	1.9200000000000017
21.199999999997083	2.030000000000001
22.88999999999941	2.120000000000001
23.09999999999854	2.030000000000001
23.09999999999854	2.070000000000002
23.88999999999941	2.240000000000002
23.909999999996217	2.230000000000002
24.879999999997374	2.290000000000001
26.900000000001448	2.330000000000002
26.909999999996217	2.4200000000000017
27.09999999999854	2.200000000000001
27.09999999999854	2.230000000000002
28.879999999997374	2.460000000000001
28.93000000000029	2.4700000000000006
29.909999999996217	2.460000000000001
30.299999999995638	2.3000000000000007
30.299999999995638	2.530000000000001
33.299999999995634	2.5100000000000016
33.299999999995634	2.630000000000001
33.86000000000058	2.700000000000001
33.869999999995336	2.610000000000001
34.849999999998545	2.6400000000000023
37.099999999998545	2.5500000000000007
38.799999999995634	2.8400000000000016
40.099999999998545	2.620000000000001
41.849999999998545	2.8900000000000023
41.919999999998254	2.880000000000001
42.869999999995336	2.910000000000002
42.97000000000116	2.9200000000000017
43.87999999999737	2.9300000000000015
44.19999999999708	2.7700000000000014
49.099999999998545	2.990000000000002
49.95999999999912	3.160000000000002
50.88999999999941	3.1800000000000015
51.19999999999708	2.900000000000002
52.80999999999767	3.1700000000000017
54.040000000000866	3.210000000000001
59.80999999999767	3.4200000000000017
62.80999999999767	3.4700000000000006
/
-12.870000000002626	1.2799999999999976
-12.870000000002626	1.2799999999999976
-12.870000000002626	1.4099999999999966
-11.950000000004374	1.1359999999999957
-11.950000000004374	1.139999999999997
-11.080000000001748	0.9299999999999997
-11.080000000001748	0.9299999999999997
-10.959999999999132	0.9089999999999989
-10.959999999999132	0.9099999999999966
-10.06999999999971	0.7689999999999984
-10.06999999999971	0.769999999999996
-10.059999999997673	0.7399999999999984
-10.059999999997673	0.7439999999999998
-9.059999999997673	0.6899999999999977
-9.050000000002917	0.5799999999999983
-9.050000000002917	0.5799999999999983
-9.050000000002917	0.5799999999999983
-9.050000000002917	0.580999999999996
-7.700000000004375	0.36999999999999744
-7.020000000004074	0.30999999999999517
-7.020000000004074	0.30999999999999517
-5.099999999998553	0.14999999999999858
-3.020000000004074	0.13999999999999702
-3.020000000004074	0.14299999999999713
-1.0800000000017478	0.11999999999999744
-1.0800000000017478	0.12099999999999511
-1.0800000000017478	0.12899999999999778
-1.0800000000017478	0.12999999999999545
-0.709999999999132	0.01999999999999602
-0.06999999999971065	0.11899999999999977
-0.06999999999971065	0.11999999999999744
-0.06999999999971065	0.1389999999999958
-0.06999999999971065	0.13999999999999702
0.0	0.0
0.9700000000011574	0.0799999999999983
0.9700000000011574	0.08399999999999608
0.9700000000011574	0.0849999999999973
0.9700000000011574	0.0899999999999963
1.9000000000014468	0.04499999999999815
1.9000000000014468	0.04999999999999716
4.970000000001157	0.08899999999999864
4.970000000001157	0.0899999999999963
4.979999999995926	0.07599999999999696
4.979999999995926	0.0799999999999983
5.879999999997373	0.10999999999999943
5.879999999997373	0.1109999999999971
5.879999999997373	0.1280000000000001
5.879999999997373	0.12999999999999545
5.930000000000289	0.04999999999999716
6.909999999996216	0.14999999999999858
6.949999999997083	0.17499999999999716
6.949999999997083	0.17999999999999972
6.959999999999121	0.1599999999999966
6.959999999999121	0.16199999999999903
7.8600000000005785	0.19500000000000028
7.8600000000005785	0.19899999999999807
7.8600000000005785	0.19999999999999574
9.900000000001446	0.33899999999999864
9.900000000001446	0.3399999999999963
9.909999999996215	0.3399999999999963
9.909999999996215	0.3399999999999963
10.830000000001736	0.41999999999999815
10.830000000001736	0.4209999999999994
12.849999999998541	0.5269999999999975
12.849999999998541	0.5299999999999976
13.77999999999883	0.5859999999999985
13.77999999999883	0.5919999999999987
14.77999999999883	0.5899999999999963
17.900000000001448	0.6389999999999958
17.900000000001448	0.639999999999997
17.949999999997083	0.6299999999999955
20.839999999996504	0.9299999999999997
20.839999999996504	0.9299999999999997
21.93000000000029	0.6899999999999977
29.869999999995336	0.9879999999999995
29.869999999995336	0.9889999999999972
29.869999999995336	0.9899999999999984
38.90000000000145	1.4299999999999997
38.90000000000145	1.4299999999999997
38.90999999999622	1.3999999999999986
44.75	1.7099999999999973
44.75	1.7119999999999962
45.90999999999622	1.7199999999999989
51.94999999999708	2.059999999999995
51.94999999999708	2.059999999999995
51.94999999999708	2.1199999999999974
51.94999999999708	2.1199999999999974
53.90999999999622	2.039999999999999
55.76999999999679	2.136999999999997
55.76999999999679	2.139999999999997
63.75	2.4299999999999997
63.75	2.4339999999999975
63.75	2.4399999999999977
63.75	2.4399999999999977
63.90999999999622	2.3699999999999974
64.73999999999796	2.4689999999999976
64.73999999999796	2.469999999999999
64.73999999999796	2.479999999999997
64.73999999999796	2.4819999999999993
66.76000000000204	2.4979999999999976
66.76000000000204	2.5
78.86000000000058	2.889999999999997
83.7699999999968	3.016999999999996
83.7699999999968	3.019999999999996
93.79000000000087	3.389999999999997
93.79000000000087	3.389999999999997
217.73999999999796	6.199999999999999
217.73999999999796	6.199999999999999
217.73999999999796	6.23
217.73999999999796	6.23
218.73999999999796	6.259999999999998
218.73999999999796	6.259999999999998
222.08000000000175	6.259999999999998
227.73999999999796	6.289999999999999
227.73999999999796	6.289999999999999
278.1800000000003	7.149999999999999
278.1800000000003	7.149999999999999
282.09999999999854	7.169999999999998
282.09999999999854	7.169999999999998
282.9400000000023	7.129999999999999
282.9400000000023	7.129999999999999
306.0599999999977	7.579999999999998
306.0599999999977	7.579999999999998
310.73999999999796	7.609999999999999
310.73999999999796	7.609999999999999
312.1299999999974	7.695999999999998
312.1299999999974	7.699999999999999
312.73999999999796	7.66
312.73999999999796	7.66
316.0599999999977	7.689999999999998
316.0599999999977	7.689999999999998
316.9499999999971	7.68
316.9499999999971	7.68
367.08000000000175	8.25
370.97000000000116	8.189999999999998
370.97000000000116	8.189999999999998
400.8099999999977	8.879999999999999
400.8099999999977	8.881
400.8199999999997	8.77
400.8199999999997	8.771999999999998
401.08000000000175	8.64
453.94999999999703	9.18
453.94999999999703	9.18
634.9499999999971	9.89
634.9499999999971	9.89
659.9499999999971	9.86
659.9499999999971	9.86
671.0699999999997	9.969999999999999
671.0699999999997	9.969999999999999
685.9499999999971	9.780000000000001
685.9499999999971	9.780000000000001
727.8799999999974	9.829999999999998
727.8799999999974	9.829999999999998
/
-1.0	0.129999999999999
0.0	0.0
1.0	0.010000000000001563
2.0	0.019999999999999574
17.839999999996504	1.4100000000000001
18.839999999996504	1.5299999999999976
19.839999999996504	1.5100000000000016
21.839999999996504	1.67
32.669999999998254	2.289999999999999
51.81999999999971	2.879999999999999
51.86000000000058	3.219999999999999
52.61000000000058	3.3099999999999987
52.87999999999739	3.2499999999999964
53.52999999999883	3.269999999999996
53.790000000000866	3.169999999999998
55.830000000001746	3.269999999999996
57.830000000001746	3.3399999999999963
68.79000000000087	3.7799999999999976
72.66999999999825	4.139999999999997
77.75	4.209999999999997
82.55000000000291	4.269999999999996
83.54000000000087	4.419999999999998
86.5	4.569999999999997
115.75	5.299999999999997
141.59999999999854	6.139999999999997
157.4800000000032	4.759999999999998
201.5199999999968	7.409999999999997
/
-5.029999999998831	1.2070000000000007
-4.029999999998831	1.0820000000000007
-3.0400000000008682	0.9860000000000007
-2.010000000002037	0.9109999999999978
-1.0	0.8689999999999998
0.0	0.7519999999999989
1.0099999999947569	0.786999999999999
2.0	0.6649999999999991
2.519999999996794	0.1999999999999993
3.009999999994757	0.7029999999999994
4.0	0.6929999999999978
4.979999999995926	0.6529999999999987
5.372790000001261	0.5850000000000009
6.4546300000001855	0.6780000000000008
7.009999999994757	0.684000000000001
8.009999999994758	0.6980000000000004
8.559999999997673	0.0
8.939999999995058	0.7139999999999986
9.939999999995058	0.7390000000000008
11.189999999995058	0.509999999999998
12.959999999999132	0.8870000000000005
12.989999999997963	0.8399999999999999
13.374349999998229	0.9589999999999996
14.0	0.945999999999998
15.0	0.9740000000000002
15.519999999996793	0.5
15.52999999999883	0.6999999999999993
15.979999999995925	1.0139999999999993
16.48806999999942	1.1089999999999982
16.989999999997963	1.1140000000000008
17.589999999996504	0.6999999999999993
18.65000000000146	0.6999999999999993
18.989999999997963	1.1769999999999996
20.009999999994758	1.2420000000000009
21.979999999995925	1.3219999999999992
24.86000000000058	1.4480000000000004
31.335079999997106	1.8610000000000007
31.970000000001168	1.9149999999999991
34.959999999999134	2.1099999999999994
35.979999999995925	2.163999999999998
36.549999999995634	1.6999999999999993
36.56999999999971	2.0
36.82999999999447	2.210000000000001
37.9499999999971	2.315999999999999
38.332109999995744	2.4800000000000004
42.34335999999894	2.8569999999999993
46.900000000001455	3.367000000000001
50.86000000000058	3.6449999999999996
63.35331999999471	4.648
76.87999999999738	6.539999999999999
/
-1.9300000000002893	0.12099999999999866
-1.050000000002905	0.010999999999999233
0.0	0.0
5.0	0.10899999999999821
7.970000000001169	0.259999999999998
9.989999999997963	0.31799999999999784
11.989999999997963	0.3739999999999988
13.989999999997963	0.5500000000000007
15.97000000000117	0.6009999999999991
17.970000000001168	0.820999999999998
25.989999999997963	1.1789999999999985
29.949999999997093	1.4100000000000001
30.970000000001168	1.3979999999999997
/
-9.199999999997095	1.3099999999999987
-9.119999999995347	1.2019999999999982
-8.129999999997384	0.8319999999999972
-7.199999999997095	0.5799999999999983
-6.199999999997095	0.370000000000001
-6.009999999994768	0.39199999999999946
-5.199999999997095	0.2699999999999996
-3.199999999997095	0.120000000000001
-3.129999999997384	0.15700000000000003
-2.199999999997095	0.07000000000000028
-1.199999999997095	0.030000000000001137
0.0	0.010000000000001563
0.9000000000014468	0.0
3.8800000000046526	0.10700000000000287
4.800000000002905	0.07000000000000028
4.85000000000581	0.1440000000000019
5.800000000002905	0.120000000000001
6.800000000002905	0.22000000000000242
6.8300000000017365	0.22000000000000242
7.800000000002905	0.23000000000000043
7.840000000003773	0.28800000000000026
8.800000000002905	0.32000000000000384
9.800000000002905	0.360000000000003
9.85000000000581	0.44299999999999784
10.800000000002905	0.4399999999999977
11.800000000002905	0.5499999999999972
12.800000000002905	0.6499999999999986
13.900000000001446	0.8029999999999973
14.800000000002905	0.8200000000000003
14.889999999999409	0.884999999999998
15.800000000002905	0.8999999999999986
17.900000000001448	1.0399999999999991
18.800000000002907	1.1400000000000006
18.880000000004653	1.1529999999999987
19.800000000002907	1.1799999999999997
22.85000000000581	1.4589999999999996
22.900000000001448	1.3999999999999986
23.900000000001448	1.4199999999999982
24.900000000001448	1.4599999999999973
26.800000000002907	1.5499999999999972
27.800000000002907	1.5700000000000003
28.800000000002907	1.6099999999999994
28.800000000002907	1.6899999999999977
30.800000000002907	1.7199999999999989
31.800000000002907	1.7199999999999989
32.8000000000029	1.8499999999999979
35.8000000000029	1.9199999999999982
36.8000000000029	1.9399999999999977
36.83000000000174	1.904
37.90000000000145	2.009999999999998
38.8000000000029	1.9299999999999997
39.8000000000029	2.169999999999998
40.8000000000029	2.1199999999999974
40.87000000000261	2.041999999999998
42.83000000000174	2.0879999999999974
43.8000000000029	2.2099999999999973
44.8000000000029	2.1999999999999993
46.8000000000029	2.1999999999999993
48.8000000000029	2.3599999999999994
48.8000000000029	2.4229999999999983
49.8000000000029	2.3299999999999983
60.8000000000029	2.789999999999999
69.80000000000291	2.799999999999997
70.80000000000291	3.1199999999999974
71.80000000000291	3.0599999999999987
/
-6.580000000001748	1.5360000000000014
-6.580000000001748	1.7300000000000004
-5.620000000002616	1.0760000000000005
-5.620000000002616	1.2800000000000011
-5.379999999997384	1.3500000000000014
-4.970000000001169	1.0399999999999991
-4.970000000001169	1.3400000000000034
-4.949999999997095	0.9800000000000004
-4.949999999997095	1.1400000000000006
-4.629999999997384	0.7850000000000037
-4.629999999997384	0.9800000000000004
-4.019999999996794	0.8977000000000004
-4.019999999996794	0.9000000000000021
-4.0	0.740000000000002
-3.970000000001169	1.0399999999999991
-3.949999999997095	0.8200000000000003
-3.949999999997095	0.8300000000000018
-3.9400000000023265	0.8400000000000034
-3.629999999997384	0.5910000000000011
-3.629999999997384	0.7899999999999991
-3.5	0.740000000000002
-3.3199999999997107	0.7300000000000004
-3.1399999999994215	0.8900000000000006
-3.129999999997384	0.8900000000000006
-3.1100000000005785	0.9299999999999997
-3.0999999999985417	0.870000000000001
-3.0899999999965044	0.8500000000000014
-3.0599999999976735	0.7300000000000004
-3.0599999999976735	0.7336999999999989
-3.019999999996794	0.6700000000000017
-3.0	0.6400000000000006
-2.989999999997963	0.6000000000000014
-2.970000000001169	0.8900000000000006
-2.949999999997095	0.5399999999999991
-2.949999999997095	0.6500000000000021
-2.949999999997095	0.7300000000000004
-2.9400000000023265	0.8400000000000034
-2.9400000000023265	0.9400000000000013
-2.9100000000034956	0.7899999999999991
-2.870000000002616	1.740000000000002
-2.629999999997384	0.4299999999999997
-2.629999999997384	0.6300000000000026
-2.5899999999965044	0.6000000000000014
-2.1900000000023265	0.6700000000000017
-2.010000000002037	0.46999999999999886
-2.010000000002037	0.5399999999999991
-2.0	0.45000000000000284
-1.989999999997963	0.8400000000000034
-1.949999999997095	0.5900000000000034
-1.8899999999994213	0.6600000000000037
-1.8700000000026158	0.740000000000002
-1.6200000000026158	0.3370000000000033
-1.6200000000026158	0.5399999999999991
-1.5	0.45000000000000284
-1.3300000000017478	0.45000000000000284
-1.040000000000868	0.490000000000002
-1.040000000000868	0.4947000000000017
-1.040000000000868	0.75
-1.010000000002037	0.4400000000000013
-0.989999999997963	0.4400000000000013
-0.949999999997095	0.4800000000000004
-0.8700000000026158	0.3400000000000034
-0.6299999999973842	0.21999999999999886
-0.6299999999973842	0.4200000000000017
-0.5800000000017477	0.39000000000000057
0.0	0.0
0.029999999998831017	0.620000000000001
0.050000000002905096	0.35999999999999943
0.37999999999738426	0.13400000000000034
0.37999999999738426	0.33000000000000185
0.8700000000026158	0.33000000000000185
0.8700000000026158	0.33000000000000185
0.989999999997963	0.5800000000000018
1.050000000002905	0.14000000000000057
1.8600000000005787	0.2700000000000031
1.8600000000005787	0.2700000000000031
2.0	0.17999999999999972
2.0	0.5
2.029999999998831	0.14000000000000057
2.0800000000017476	0.3400000000000034
2.0800000000017476	0.6400000000000006
2.1100000000005785	0.5399999999999991
2.3300000000017476	0.17999999999999972
2.5	0.17999999999999972
2.970000000001169	0.17999999999999972
2.970000000001169	0.18370000000000175
3.019999999996794	0.14000000000000057
3.019999999996794	0.4400000000000013
3.0400000000008682	0.14000000000000057
3.0599999999976735	0.5900000000000034
3.0800000000017476	0.14000000000000057
3.239999999997963	0.370000000000001
3.379999999997384	0.019000000000001904
3.379999999997384	0.21999999999999886
3.4000000000014583	0.21000000000000085
3.779999999998831	0.4100000000000037
3.9100000000034956	0.19000000000000128
3.9100000000034956	0.19000000000000128
3.9599999999991318	0.4400000000000013
3.989999999997963	0.240000000000002
4.029999999998831	0.5399999999999991
4.050000000002905	0.28999999999999915
4.379999999997384	0.008000000000002672
4.379999999997384	0.21000000000000085
4.400000000001459	0.19000000000000128
5.050000000002905	0.28000000000000114
5.379999999997384	0.029000000000003467
5.379999999997384	0.23000000000000043
6.010000000002037	0.14000000000000057
6.029999999998831	0.20000000000000284
6.129999999997384	1.3500000000000014
6.379999999997384	0.03200000000000358
6.379999999997384	0.23000000000000043
6.3899999999994215	0.25
6.900000000001459	0.25
6.900000000001459	0.25
7.050000000002905	0.240000000000002
7.0599999999976735	0.20000000000000284
7.1100000000005785	0.5399999999999991
7.379999999997384	0.07000000000000028
7.379999999997384	0.2700000000000031
7.3899999999994215	0.28000000000000114
7.629999999997384	0.23000000000000043
7.989999999997963	0.490000000000002
8.019999999996793	0.26000000000000156
8.519999999996793	0.26000000000000156
8.81999999999971	0.3200000000000003
8.81999999999971	0.3200000000000003
9.0	0.3000000000000007
9.359290000000325	0.4819999999999993
9.379999999997384	0.1490000000000009
9.379999999997384	0.3500000000000014
9.400000000001459	0.370000000000001
9.5	0.3000000000000007
9.980000000003207	0.33000000000000185
10.0	0.3400000000000034
10.379999999997384	0.1930000000000014
10.379999999997384	0.39000000000000057
10.5	0.3400000000000034
10.889999999999421	0.39000000000000057
10.889999999999421	0.39000000000000057
10.959999999999132	0.43769999999999953
10.959999999999132	0.4400000000000013
11.0	0.39000000000000057
11.050000000002905	0.490000000000002
11.5	0.39000000000000057
12.150000000001459	0.4400000000000013
12.389999999999421	0.4200000000000017
12.419999999998252	0.75
12.650000000001459	0.4400000000000013
12.830000000001748	0.5200000000000031
12.830000000001748	0.5200000000000031
12.980000000003207	0.5386999999999986
12.980000000003207	0.5399999999999991
13.110000000000579	0.5399999999999991
13.290000000000868	1.0700000000000003
14.050000000002905	0.6799999999999997
14.949999999997095	0.6377000000000024
14.949999999997095	0.6400000000000006
14.989999999997963	0.6099999999999994
15.389999999999421	0.4450000000000003
15.389999999999421	0.6400000000000006
15.400000000001459	0.6400000000000006
15.489999999997963	0.6099999999999994
15.830000000001748	0.6799999999999997
15.830000000001748	0.6799999999999997
15.989999999997963	0.6799999999999997
16.050000000002907	0.740000000000002
16.379999999997384	0.5140000000000029
16.379999999997384	0.7100000000000009
16.489999999997963	0.6799999999999997
17.019999999996795	0.740000000000002
17.050000000002907	0.8100000000000023
17.080000000001746	0.9800000000000004
17.81999999999971	0.8100000000000023
17.81999999999971	0.8100000000000023
17.95999999999913	0.8297000000000025
17.95999999999913	0.8300000000000018
18.050000000002907	1.0500000000000007
18.379999999997384	0.6270000000000024
18.379999999997384	0.8300000000000018
18.84999999999854	0.870000000000001
18.84999999999854	0.870000000000001
19.059999999997675	0.9400000000000013
19.379999999997384	0.6910000000000025
19.379999999997384	0.8900000000000006
19.809999999997675	0.9400000000000013
19.809999999997675	0.9400000000000013
20.830000000001746	1.0
20.830000000001746	1.0
21.660000000003496	1.0700000000000003
21.830000000001746	1.0600000000000023
21.830000000001746	1.0600000000000023
22.38999999999942	0.8800000000000026
22.38999999999942	1.0800000000000018
22.84999999999854	1.120000000000001
22.84999999999854	1.120000000000001
23.38999999999942	0.972999999999999
23.38999999999942	1.1700000000000017
23.940000000002325	1.2497000000000007
23.940000000002325	1.25
24.38999999999942	1.0350000000000037
24.38999999999942	1.2300000000000004
24.949999999997093	1.3096999999999994
24.949999999997093	1.3100000000000023
25.050000000002907	1.5399999999999991
25.830000000001746	1.3500000000000014
25.830000000001746	1.3500000000000014
25.949999999997093	1.3867000000000012
25.949999999997093	1.3900000000000006
25.949999999997093	1.4200000000000017
26.019999999996795	1.4400000000000013
26.029999999998832	1.3400000000000034
26.04000000000087	1.3400000000000034
26.38999999999942	1.181000000000001
26.38999999999942	1.3800000000000026
26.830000000001746	1.4200000000000017
26.830000000001746	1.4200000000000017
26.949999999997093	1.4500000000000028
26.949999999997093	1.4547000000000025
26.989999999997963	1.4400000000000013
27.06999999999971	1.3400000000000034
27.38999999999942	1.2469999999999999
27.38999999999942	1.4500000000000028
27.489999999997963	1.4400000000000013
27.830000000001746	1.5
27.830000000001746	1.5
27.940000000002325	1.5300000000000011
27.940000000002325	1.532700000000002
27.949999999997093	1.5300000000000011
28.81999999999971	1.5600000000000023
28.81999999999971	1.5600000000000023
29.760000000002037	1.6099999999999994
29.760000000002037	1.6099999999999994
30.059999999997675	1.5399999999999991
30.81999999999971	1.6799999999999997
30.81999999999971	1.6799999999999997
31.029999999998832	1.740000000000002
31.050000000002907	1.6300000000000026
31.81999999999971	1.7100000000000009
31.81999999999971	1.7100000000000009
31.989999999997963	1.740000000000002
32.35229999999864	1.801000000000002
32.48999999999796	1.740000000000002
32.81999999999971	1.7800000000000011
32.81999999999971	1.7800000000000011
32.98000000000321	1.7700000000000031
33.02999999999883	1.740000000000002
33.040000000000866	1.740000000000002
33.040000000000866	1.8400000000000034
33.48000000000321	1.7700000000000031
33.81999999999971	1.8100000000000023
33.81999999999971	1.8100000000000023
35.01000000000204	1.8400000000000034
35.81999999999971	1.8800000000000026
35.81999999999971	1.8800000000000026
37.830000000001746	1.9100000000000037
37.830000000001746	1.9100000000000037
38.830000000001746	1.9200000000000017
38.830000000001746	1.9200000000000017
39.830000000001746	1.9700000000000006
39.830000000001746	1.9700000000000006
40.830000000001746	2.0100000000000016
40.830000000001746	2.0100000000000016
45.81999999999971	2.080000000000002
45.81999999999971	2.080000000000002
125.75	3.1350000000000016
125.75	3.330000000000002
126.73999999999796	3.1430000000000007
126.73999999999796	3.3400000000000016
128.34999999999854	3.3500000000000014
128.8399999999965	3.370000000000001
128.84999999999854	3.3500000000000014
142.7251499999984	3.687000000000001
153.73999999999796	3.516000000000002
153.73999999999796	3.7200000000000006
154.73999999999796	3.5440000000000005
154.73999999999796	3.740000000000002
156.37000000000262	3.6400000000000006
157.70206999999934	3.9470000000000027
170.15000000000146	4.130000000000003
171.15000000000146	4.190000000000001
171.3000000000029	4.18
173.15000000000146	4.220000000000002
181.7300000000032	4.017000000000003
181.7300000000032	4.220000000000002
188.36000000000058	4.540000000000003
189.26000000000204	4.440000000000001
189.2699999999968	4.550000000000001
189.3399999999965	4.540000000000003
189.34999999999854	4.240000000000002
191.15000000000146	4.400000000000002
191.15000000000146	4.400000000000002
194.3000000000029	4.940000000000001
203.34999999999854	4.490000000000002
206.61000000000058	4.580000000000002
207.25	4.940000000000001
213.70999999999913	4.465
213.70999999999913	4.66
214.1999999999971	4.84
214.75	4.464000000000002
214.75	4.66
215.25	4.720000000000002
219.2300000000032	5.040000000000003
220.26000000000204	4.940000000000001
222.30999999999767	4.940000000000001
223.36000000000055	5.140000000000001
237.25	5.440000000000001
240.59999999999852	4.9510000000000005
240.59999999999852	5.150000000000002
240.6200000000026	4.846
240.6200000000026	5.050000000000001
241.2300000000032	5.440000000000001
241.5699999999997	4.91
241.5699999999997	5.110000000000003
261.41999999999825	5.360000000000003
263.0899999999965	5.640000000000001
268.52126000000135	5.830000000000002
268.53403000000253	5.835000000000001
269.61125999999786	5.779
271.3099999999977	5.740000000000002
271.5	5.400000000000002
271.5	5.600000000000001
272.5500000000029	5.396000000000001
272.5500000000029	5.600000000000001
291.15000000000146	6.290000000000003
302.48999999999796	5.867000000000001
302.48999999999796	6.07
303.4435200000007	6.307000000000002
309.4400000000023	5.993000000000002
309.4400000000023	6.190000000000001
/
-31.98310000000493	1.6920000000000002
-31.063100000006678	1.6039999999999992
-27.923099999999977	1.4170000000000016
-27.917940000006645	1.3470000000000013
-27.063100000006678	1.2579999999999991
-26.91310000000522	1.3569999999999993
-26.05310000000464	1.211000000000002
-25.95310000000609	1.2970000000000006
-25.950200000006596	1.2420000000000009
-25.936789999999746	1.2199999999999989
-25.09310000000551	1.1400000000000006
-24.95310000000609	1.2370000000000019
-24.951790000006447	1.1900000000000013
-24.93840000000638	1.1670000000000016
-24.01310000000376	1.1060000000000016
-23.09310000000551	1.0800000000000018
-22.94310000000405	1.147000000000002
-22.940730000002084	1.1060000000000016
-22.09310000000551	1.0440000000000005
-21.963440000006816	1.0740000000000016
-21.963100000000857	1.0869999999999997
-21.950150000004225	1.0770000000000017
-21.073100000001435	1.0130000000000017
-20.99309999999969	1.0770000000000017
-20.990030000000846	1.0390000000000015
-20.13310000000639	0.940999999999999
-19.113100000002316	0.9220000000000006
-18.13310000000639	0.8590000000000018
-17.123100000004353	0.7789999999999999
-16.963100000000857	0.8569999999999993
-16.959960000000137	0.8350000000000009
-16.946330000006135	0.8210000000000015
-16.93302000000404	0.843
-16.919600000001086	0.833000000000002
-16.113100000002316	0.7590000000000003
-15.884760000000833	0.7349999999999994
-15.883100000006388	0.897000000000002
-15.05310000000464	0.7110000000000021
-13.963830000000602	0.6529999999999987
-13.963100000000857	0.7270000000000003
-13.946490000002095	0.6500000000000021
-12.943100000004051	0.6370000000000005
-12.940800000003946	0.5860000000000021
-10.133100000006388	0.3719999999999999
-9.143100000001146	0.2890000000000015
-8.905109999999699	0.277000000000001
-8.903100000003183	0.31700000000000017
-8.16310000000522	0.2270000000000003
-6.984000000004016	0.18400000000000105
-6.983100000004931	0.23700000000000188
-6.966980000004699	0.16600000000000037
-6.014210000001192	0.15200000000000102
-6.013100000003762	0.1769999999999996
-5.996689999999954	0.13500000000000156
-5.004810000005822	0.10999999999999943
-5.003100000001725	0.14700000000000202
-4.013100000003762	0.10699999999999932
-3.9889600000024075	0.06299999999999883
-3.023100000005799	0.08699999999999974
-3.021340000006609	0.045999999999999375
-2.996650000000961	0.03300000000000125
-2.006720000004861	0.019999999999999574
-2.0031000000017247	0.06700000000000017
-1.9892099999997337	0.022000000000002018
-1.0160700000051388	0.0019999999999988916
-1.0131000000037615	0.06700000000000017
-0.9989700000005556	0.006000000000000227
-0.02310000000579861	0.05700000000000216
-0.020550000001099536	0.009000000000000341
-0.0034599999999074074	0.009000000000000341
2.0051299999977314	0.0
2.0069000000003125	0.10699999999999932
3.0268699999942243	0.021000000000000796
3.0268999999971067	0.09700000000000131
4.023059999999526	0.04299999999999926
4.026899999997107	0.06700000000000017
7.846899999996817	0.04400000000000048
8.996899999998275	0.129999999999999
9.015479999994561	0.07199999999999918
9.816899999997986	0.12900000000000134
10.000560000000405	0.16300000000000026
10.006900000000313	0.1269999999999989
10.020379999994468	0.14000000000000057
10.866899999993612	0.16199999999999903
10.996899999998275	0.23700000000000188
10.997199999997974	0.17800000000000082
11.826900000000023	0.20400000000000063
11.996899999998275	0.26699999999999946
12.00110999999742	0.21000000000000085
12.996899999998275	0.23799999999999955
12.996899999998275	0.28699999999999903
12.99997999999323	0.23799999999999955
13.806899999995949	0.2779999999999987
14.002339999999085	0.33399999999999963
14.006900000000313	0.30700000000000216
14.019449999999768	0.2729999999999997
17.005059999995858	0.46999999999999886
17.00690000000031	0.4469999999999992
22.79689999999391	0.8520000000000003
23.003689999997732	0.9359999999999999
23.00412999999389	0.8520000000000003
23.00690000000031	0.8070000000000022
23.0216999999975	0.8610000000000007
23.816899999997986	0.9400000000000013
24.80689999999595	1.0180000000000007
24.98689999999624	0.9770000000000003
24.99276999999711	1.004999999999999
25.79689999999391	1.0749999999999993
26.79689999999391	1.123000000000001
26.994169999998114	1.1679999999999993
26.996899999998277	1.0570000000000022
27.84689999999682	1.1969999999999992
/
-7.959999999999121	0.786999999999999
-7.8300000000017365	0.8030000000000008
-5.849999999998541	0.4819999999999993
-5.8300000000017365	0.5459999999999994
-4.799999999995625	0.3130000000000024
-3.9000000000014468	0.15500000000000114
-3.830000000001736	0.23700000000000188
-2.7900000000008682	0.18700000000000117
-2.019999999996794	0.10500000000000043
-1.9300000000002893	0.10200000000000031
0.0	0.0
0.06999999999971065	0.038000000000000256
0.9000000000014583	0.07800000000000296
1.0699999999997107	0.009000000000000341
3.840000000003785	0.054999999999999716
3.989999999997963	0.04800000000000182
5.75	0.10000000000000142
8.739999999997963	0.16499999999999915
9.40862000000198	0.3329999999999984
10.368569999998726	0.4190000000000005
11.959999999999132	0.365000000000002
12.139999999999421	0.4220000000000006
13.423110000003367	0.6370000000000005
14.36239000000206	0.7049999999999983
15.139999999999421	0.6159999999999997
15.437790000003588	0.7740000000000009
16.397550000001505	0.8500000000000014
16.809999999997675	0.8190000000000026
17.37131999999838	0.9190000000000005
18.06999999999971	0.7959999999999994
18.389370000004423	0.9849999999999994
18.989999999997963	0.8030000000000008
19.020000000004075	0.8569999999999993
19.06999999999971	0.8760000000000012
19.39014999999927	1.0570000000000022
20.0	0.8599999999999994
20.04000000000088	0.892000000000003
20.435770000003693	1.1360000000000028
21.020000000004075	0.9780000000000015
21.919999999998264	1.0110000000000028
22.11000000000059	1.0200000000000031
23.910000000003496	1.1240000000000023
25.06999999999971	1.2270000000000003
25.348799999999756	1.4640000000000004
25.919999999998264	1.2370000000000019
25.970000000001168	1.2719999999999985
27.11000000000059	1.3230000000000004
30.029999999998843	1.4060000000000006
31.35282000000007	1.6930000000000014
31.90000000000146	1.468
32.37524000000121	1.7260000000000009
33.04000000000088	1.5920000000000005
35.06999999999971	1.5340000000000007
37.0	1.6350000000000016
39.30791999999929	1.92
41.386420000002545	1.9620000000000015
42.98000000000321	1.7670000000000012
43.43123999999808	2.0180000000000007
44.02999999999884	1.8330000000000002
44.06999999999971	1.761000000000001
45.04000000000088	1.8120000000000012
45.33780000000116	2.0490000000000013
46.04000000000088	1.83
46.39889000000404	2.0650000000000013
47.09999999999855	1.838000000000001
51.020000000004075	1.8890000000000011
51.4733899999992	2.168000000000001
51.87000000000263	1.9280000000000008
53.34259000000021	2.202
54.06999999999971	1.9480000000000004
55.98999999999796	2.011000000000001
56.36977000000479	2.2620000000000005
57.34331000000384	2.282
57.98999999999796	2.040000000000001
59.95000000000437	2.1210000000000004
60.41931000000478	2.327
63.42395000000397	2.4030000000000005
64.05000000000291	2.1740000000000013
64.29095999999845	2.4110000000000014
65.05000000000291	2.173
65.45771000000241	2.4350000000000005
66.36207000000286	2.4410000000000007
68.16999999999827	2.2410000000000014
68.3385400000043	2.485000000000001
69.37000000000263	2.4960000000000004
71.33353999999963	2.527000000000001
72.16999999999827	2.314
73.17528000000311	2.559000000000001
74.28581000000122	2.5810000000000013
75.359040000003	2.59
77.15426000000299	2.6340000000000003
78.1878100000031	2.654
79.05000000000291	2.401
80.02999999999884	2.4450000000000003
81.1829199999993	2.703000000000001
85.32082000000082	2.7830000000000013
87.09999999999856	2.4830000000000005
87.2737100000013	2.801
91.16616000000069	2.846
93.91000000000349	2.6560000000000006
95.20920000000478	2.968
99.2711500000005	2.979000000000001
100.9800000000032	2.6950000000000003
101.91999999999827	2.710000000000001
102.0	2.774000000000001
102.28949999999895	3.046000000000001
105.9800000000032	2.787000000000001
106.01000000000204	2.838000000000001
112.0900000000038	2.894
119.2326499999981	3.307000000000002
121.95999999999913	2.9770000000000003
123.27332000000023	3.3049999999999997
124.18564999999944	3.3770000000000024
124.77999999999884	3.0490000000000013
124.8600000000006	3.0490000000000013
125.12490000000254	3.3850000000000016
129.97000000000116	3.0710000000000015
130.14428000000044	3.468
133.12743000000046	3.5459999999999994
133.87000000000265	3.203000000000001
135.9800000000032	3.1900000000000013
139.18396000000212	3.6050000000000004
140.87000000000265	3.2270000000000003
141.09281000000192	3.652000000000001
153.8199999999997	3.4179999999999993
155.83000000000175	3.429000000000002
168.91999999999825	3.6389999999999993
183.08733000000214	4.359000000000002
369.4400000000023	7.038
373.0900000000038	7.068000000000001
401.9599999999991	7.472999999999999
/
-13.60459999999875	1.4280000000000008
-13.474600000001377	1.5150000000000006
-12.46459999999934	1.248000000000001
-10.754600000000208	0.7830000000000013
-10.754600000000208	0.9359999999999999
-10.564600000005163	0.7119999999999997
-10.444600000002534	0.8339999999999996
-9.814600000005163	0.6400000000000006
-8.834600000001956	0.47300000000000253
-8.724600000001377	0.5180000000000007
-8.724600000001377	0.7050000000000018
-8.42459999999846	0.5809999999999995
-5.544600000001088	0.1490000000000009
-2.574599999999919	0.13400000000000034
-2.414600000003704	0.30200000000000315
-1.4245999999984607	0.1620000000000026
-0.8646000000007871	0.0
0.5453999999954282	0.12399999999999878
2.495399999999792	0.14700000000000202
3.385399999999213	0.047999999999998266
6.525399999998623	0.18599999999999994
7.195399999996875	0.053000000000000824
7.455399999998912	0.05800000000000338
7.495399999999791	0.22000000000000242
9.425400000000081	0.22500000000000142
10.445399999996875	0.34299999999999997
10.455399999998912	0.20899999999999963
11.46540000000095	0.3690000000000033
12.435399999994837	0.31200000000000117
14.405399999996007	0.4180000000000028
17.525399999998623	0.6449999999999996
18.455399999998914	0.41300000000000026
20.39540000000125	0.3880000000000017
23.39540000000125	0.7240000000000002
23.60540000000037	0.9430000000000014
24.115399999995137	0.7250000000000014
25.42540000000008	0.8189999999999991
28.385399999999212	0.9390000000000001
28.485399999997753	1.1400000000000006
29.39540000000125	1.0250000000000021
35.545399999995425	1.4030000000000022
36.14309677082928	1.6342999999999996
36.50539999999455	1.436
42.55539999999746	1.6050000000000004
44.39619999999559	1.5592000000000006
44.404699999999146	1.5963999999999992
52.0853999999963	1.6080000000000005
52.0853999999963	1.886000000000001
53.27539999999862	1.625
53.3153999999995	1.6239999999999988
58.42540000000008	1.9700000000000006
62.415399999998044	1.8230000000000004
62.99539999999979	1.8330000000000002
62.99539999999979	2.096
67.16539999999804	1.8280000000000012
67.16539999999804	2.2730000000000015
69.44539999999688	2.184000000000001
69.60540000000037	2.1900000000000013
69.97539999999572	1.9770000000000003
69.97539999999572	2.1700000000000017
72.05539999999746	1.979000000000001
72.05539999999746	2.2860000000000014
73.09539999999834	1.9970000000000017
73.09539999999834	2.2720000000000002
74.43539999999484	2.2590000000000003
75.0653999999995	2.032
75.0653999999995	2.2990000000000013
75.3153999999995	2.0540000000000003
81.29539999999542	2.178000000000001
84.41539999999804	2.4190000000000005
85.41539999999804	2.4270000000000014
88.30539999999746	2.255000000000001
88.39540000000125	2.4810000000000016
91.34539999999834	2.519
94.3353999999963	2.5680000000000014
96.19539999999688	2.360000000000001
97.3153999999995	2.600999999999999
100.38539999999921	2.6590000000000025
104.16539999999804	2.469000000000001
110.22539999999572	2.5839999999999996
117.28540000000065	2.896000000000001
118.09539999999834	2.6950000000000003
118.94539999999688	2.6630000000000003
119.91539999999806	2.6990000000000016
120.94539999999688	2.6960000000000015
122.32540000000152	2.955000000000002
133.1353999999992	2.8689999999999998
133.92540000000008	2.9030000000000022
135.05539999999746	2.9220000000000006
141.89540000000125	2.996000000000002
146.87539999999717	3.080000000000002
148.87539999999717	3.0420000000000016
149.905399999996	3.089000000000002
151.22539999999572	3.304000000000002
151.94539999999688	3.118000000000002
152.10540000000037	3.400000000000002
152.97539999999572	3.1400000000000006
152.97539999999572	3.4520000000000017
153.89540000000125	3.0330000000000013
155.8353999999963	3.1530000000000022
156.14540000000125	3.151
156.85540000000037	3.1769999999999996
157.8353999999963	3.2319999999999993
160.93539999999484	3.240000000000002
161.2453999999998	3.439
163.17540000000008	3.2379999999999995
163.86539999999513	3.2319999999999993
164.85540000000037	3.247
165.97539999999572	3.274000000000001
167.84539999999834	3.3230000000000004
168.905399999996	3.3590000000000018
171.87539999999717	3.3870000000000005
172.8353999999963	3.407
175.0853999999963	3.3870000000000005
177.21540000000095	3.6739999999999995
179.21540000000095	3.6110000000000007
182.21540000000095	3.7550000000000026
182.22539999999572	3.7570000000000014
186.23539999999775	3.8230000000000004
188.16539999999804	3.6000000000000014
194.11539999999513	3.7280000000000015
224.11539999999513	4.135000000000002
445.3353999999963	7.214000000000002
/
