-17.9361448253726
-17.166112862458533
-18.37118812963565
-17.39185492
-17.769607759428776
-17.581099528558035
-16.681130929878186
-15.511619160489685
-16.856962603598678
-16.960928928023023
-17.757220932793516
-19.40820418984036
-16.423181743146554
-18.75083706725814
-17.119505299171365
-15.37979906985409
-16.236304933669597
-16.55856625985409
-18.691291924878325
-18.202992111490346
-16.968603274767847
-15.24347234839119
-18.51940277637871
-17.866634169171363
-16.197037403279623
-15.723064714213523
-16.034025483279624
-18.21572803246477
-17.28665891605215
-16.029199565516535
-16.779814845879088
-16.24473139985409
-15.720760813669596
-16.83294260726791
-17.30189384387293
-17.42136234795182
-17.136751006393403
-16.87601019855803
-18.45440870698593
-17.705774659270737
-16.94570429521128
-16.984919459389438
-16.659702418210717
