4.974100000000034925e+02
5.000000000000000000e+00
-6.999999999971065479e-02
1.300000000000000000e+01
-1.000000000000000000e+00
2.799999999995636646e+00
-1.672000000000115705e+01
-1.996999999999388820e+01
2.500000002326388700e-03
0.000000000000000000e+00
-1.800410000000555399e+01
0.000000000000000000e+00
-7.110000000000590070e+00
-8.919999999998251994e+00
0.000000000000000000e+00
-7.000000000000000000e+00
-3.198310000000493147e+01
-1.209999999999855369e+01
-3.000000000000000000e+00
-4.750000000057870257e-03
-1.115471999999863506e+01
-1.387161300000297537e+01
-5.500000000029167113e-01
-1.609999999351851901e-03
9.740900000033448913e-01
0.000000000000000000e+00
-5.049200000001296651e+00
-1.692029999998333256e+00
-1.594900000000052032e+01
-2.288969999999972060e+01
3.699999999997094946e+00
-1.029999999998842508e+00
5.000000000000000000e+00
-6.999999999971065479e-02
3.162000000000261579e+01
2.799999999995636646e+00
-1.672000000000115705e+01
-1.996999999999388820e+01
2.500000002326388700e-03
-6.580000000001748006e+00
-2.085083000056365821e-01
-8.979999999995925464e+00
1.105179999998645801e+00
-6.141229999993819355e+00
-7.900000000001447198e+00
-7.230000000003205862e+00
-2.000000000000000000e+00
-3.671000000031249960e-02
-6.970000000001168594e+00
-3.027000000000407454e+01
-9.800000000031944269e-01
-7.000000000000000000e+00
0.000000000000000000e+00
-1.209999999999855369e+01
2.360000005868055726e-03
-5.024270000001712866e+00
1.000000000000000000e+00
-9.000000000014583001e-01
0.000000000000000000e+00
-2.000000000000000000e+00
-2.300000000104166636e-03
-1.387161300000297537e+01
-5.500000000029167113e-01
-2.158000000054398002e-02
-2.309999996215277886e-03
-9.035329999998795714e+00
-7.959999999999120668e+00
-2.310000003483796138e-03
-2.068999999995868144e+00
0.000000000000000000e+00
0.000000000000000000e+00
0.000000000000000000e+00
0.000000000000000000e+00
2.970000000001169038e+00
-3.091000000000349601e+01
-1.145467519699741921e+01
-1.190899999999964187e+01
-1.090000000113425932e-02
