-14.041930549854092
-14.20174209789793
-15.077017340238125
-15.174678831534186
-17.535590410614844
-17.061636955516533
-13.096263928173997
-15.882578363598679
-14.781808279854086
-15.608539223279625
-16.587456187196626
-18.540562849635652
-17.145692631490345
-13.882465946639815
-15.54253808726791
-16.02599407637871
-15.155890056840775
-16.530214046393407
-17.411606769171364
-19.90937495678238
-14.20174209789793
-15.174678831534186
-13.096263928173997
-15.882578363598679
-17.318350105372602
-24.370235465716235
-16.574091538338998
-16.52617148387293
-13.703696743279622
-10.327551380602277
-14.649029366875208
-15.23034598298775
-17.145692631490345
-16.08159979633506
-15.576954117434752
-16.02599407637871
-14.800445477196629
-17.00075948
-18.9864368520118
-16.390931830170373
-17.95341435289986
-18.55679712298775
-16.539442358261514
-17.71143080587909
