8.029999999998830518e+00
-5.950000000004363798e+00
-2.909999999996226716e+00
1.490000000000145874e+01
-6.959999999999120668e+00
0.000000000000000000e+00
2.799999999995636646e+00
-1.996999999999388820e+01
1.536078000000270904e+01
-7.110000000000590070e+00
-8.919999999998251994e+00
-3.198310000000493147e+01
-1.101234999999724451e+01
2.057070000002569454e+00
-1.115471999999863506e+01
-1.386995400000159684e+01
7.945059999998194122e+00
-5.049200000001296651e+00
-1.594900000000052032e+01
6.669999999998251994e+00
-5.950000000004363798e+00
1.490000000000145874e+01
2.799999999995636646e+00
-1.996999999999388820e+01
-6.580000000001748006e+00
3.983940999969444174e-01
-6.109849999993461012e+00
-7.230000000003205862e+00
-6.970000000001168594e+00
1.989999999997962954e+00
-9.800000000031944269e-01
0.000000000000000000e+00
-1.101234999999724451e+01
1.031979999999745434e+00
1.133679999999004595e+00
-1.386995400000159684e+01
8.840300000010763437e-01
-7.959999999999120668e+00
-2.068999999995868144e+00
0.000000000000000000e+00
0.000000000000000000e+00
-1.395000000000436380e+01
-1.004999999999563620e+01
-1.190899999999964187e+01
