-12.870000000002626	1.3999999999999986
-12.870000000002626	1.3999999999999986
-12.870000000002626	1.4600000000000009
-12.06999999999971	1.1700000000000017
-12.06999999999971	1.1700000000000017
-11.950000000004374	1.1780000000000008
-11.950000000004374	1.1799999999999997
-11.919999999998264	1.3000000000000007
-11.919999999998264	1.3000000000000007
-11.260000000002037	0.9600000000000009
-11.080000000001748	0.8999999999999986
-11.080000000001748	0.8999999999999986
-10.959999999999132	0.9200000000000017
-10.959999999999132	0.9220000000000006
-10.059999999997673	0.8160000000000025
-10.059999999997673	0.8200000000000003
-9.150000000001459	0.25
-9.059999999997673	0.5
-9.050000000002917	0.5600000000000023
-9.050000000002917	0.5600000000000023
-9.050000000002917	0.620000000000001
-9.050000000002917	0.6210000000000022
-8.06999999999971	0.45000000000000284
-8.06999999999971	0.45000000000000284
-7.959999999999132	0.259999999999998
-7.700000000004375	0.3999999999999986
-7.020000000004074	0.35999999999999943
-7.020000000004074	0.35999999999999943
-5.099999999998553	0.21000000000000085
-1.0800000000017478	0.120000000000001
-1.0800000000017478	0.120000000000001
-1.0800000000017478	0.13000000000000256
-1.0800000000017478	0.13300000000000267
-0.709999999999132	0.0799999999999983
-0.06999999999971065	0.09700000000000131
-0.06999999999971065	0.10000000000000142
-0.06999999999971065	0.1280000000000001
-0.06999999999971065	0.13000000000000256
0.0	0.0
0.9700000000011574	0.08699999999999974
0.9700000000011574	0.08999999999999986
0.9700000000011574	0.10000000000000142
0.9700000000011574	0.10200000000000031
1.9000000000014468	0.03999999999999915
1.9000000000014468	0.04200000000000159
1.9000000000014468	0.07000000000000028
1.9000000000014468	0.07099999999999795
4.970000000001157	0.08899999999999864
4.970000000001157	0.08999999999999986
4.979999999995926	0.08500000000000085
4.979999999995926	0.08999999999999986
5.879999999997373	0.09499999999999886
5.879999999997373	0.10000000000000142
5.930000000000289	0.05000000000000071
6.909999999996216	0.05000000000000071
6.949999999997083	0.13700000000000045
6.949999999997083	0.14000000000000057
6.959999999999121	0.134999999999998
6.959999999999121	0.14000000000000057
7.049999999995625	0.1700000000000017
7.8600000000005785	0.14000000000000057
7.8600000000005785	0.14300000000000068
7.8600000000005785	0.16499999999999915
7.8600000000005785	0.1700000000000017
8.729999999995925	0.21000000000000085
9.909999999996215	0.20000000000000284
9.909999999996215	0.20300000000000296
10.830000000001736	0.3200000000000003
10.830000000001736	0.32399999999999807
12.760000000002037	0.39000000000000057
12.849999999998541	0.4299999999999997
12.849999999998541	0.43299999999999983
13.669999999998252	0.490000000000002
13.77999999999883	0.5309999999999988
13.77999999999883	0.5339999999999989
14.77999999999883	0.5300000000000011
16.699999999997083	0.6400000000000006
17.900000000001448	0.7100000000000009
17.900000000001448	0.7100000000000009
17.949999999997083	0.6099999999999994
18.769999999996795	0.740000000000002
19.830000000001736	0.7800000000000011
19.830000000001736	0.7830000000000013
19.839999999996504	0.8070000000000022
19.839999999996504	0.8100000000000023
20.839999999996504	0.8500000000000014
20.839999999996504	0.8500000000000014
20.839999999996504	0.8800000000000026
20.839999999996504	0.8800000000000026
20.839999999996504	1.009999999999998
20.839999999996504	1.009999999999998
21.93000000000029	0.8999999999999986
22.669999999998254	0.9600000000000009
22.739999999997963	0.9800000000000004
23.699999999997083	1.1499999999999986
29.869999999995336	1.2899999999999991
29.869999999995336	1.2910000000000004
29.869999999995336	1.2950000000000017
29.869999999995336	1.3000000000000007
38.90000000000145	1.6799999999999997
38.90000000000145	1.6829999999999998
38.90999999999622	1.6700000000000017
44.75	1.9800000000000004
44.75	1.9830000000000005
45.90999999999622	1.990000000000002
51.94999999999708	2.1499999999999986
51.94999999999708	2.1499999999999986
51.94999999999708	2.16
51.94999999999708	2.16
51.94999999999708	2.219999999999999
51.94999999999708	2.219999999999999
53.90999999999622	2.1799999999999997
55.76999999999679	2.3000000000000007
55.76999999999679	2.304000000000002
55.76999999999679	2.3100000000000023
55.76999999999679	2.314
61.77999999999883	2.496000000000002
62.77999999999883	2.5
63.75	2.5459999999999994
63.75	2.5500000000000007
63.75	2.578000000000003
63.75	2.5799999999999983
63.90999999999622	2.490000000000002
64.11000000000058	2.59
64.73999999999796	2.618000000000002
64.73999999999796	2.6189999999999998
64.73999999999796	2.620000000000001
65.15000000000144	2.5600000000000023
66.76000000000204	2.6050000000000004
66.76000000000204	2.6099999999999994
69.73999999999796	2.698999999999998
69.73999999999796	2.700000000000003
69.75	2.700000000000003
69.75	2.703000000000003
78.86000000000058	2.8200000000000003
83.7699999999968	3.0360000000000014
83.7699999999968	3.039999999999999
104.7699999999968	3.8499999999999996
104.7699999999968	3.8499999999999996
217.73999999999796	5.570000000000004
217.73999999999796	5.570000000000004
218.73999999999796	5.660000000000004
218.73999999999796	5.660000000000004
222.08000000000175	5.690000000000001
227.73999999999796	5.630000000000003
227.73999999999796	5.630000000000003
253.11000000000055	6.040000000000003
253.11000000000055	6.044000000000004
254.11000000000055	6.035000000000004
254.11000000000055	6.040000000000003
278.1800000000003	6.510000000000002
278.1800000000003	6.510000000000002
281.8799999999974	6.440000000000001
281.8799999999974	6.440000000000001
282.09999999999854	6.520000000000003
282.09999999999854	6.520000000000003
282.9400000000023	6.5000000000000036
282.9400000000023	6.5000000000000036
302.0599999999977	6.676000000000002
302.0599999999977	6.680000000000003
306.0599999999977	6.900000000000002
306.0599999999977	6.900000000000002
310.73999999999796	6.830000000000002
310.73999999999796	6.830000000000002
312.1299999999974	6.900000000000002
312.1299999999974	6.903000000000002
312.73999999999796	6.910000000000004
312.73999999999796	6.910000000000004
316.0599999999977	6.917000000000002
316.0599999999977	6.920000000000002
316.9499999999971	6.980000000000004
316.9499999999971	6.980000000000004
345.04999999999563	7.325000000000003
345.04999999999563	7.330000000000002
355.90000000000146	7.570000000000004
355.90000000000146	7.570000000000004
355.9099999999962	7.5070000000000014
355.9099999999962	7.510000000000002
367.08000000000175	7.610000000000003
370.97000000000116	7.680000000000003
370.97000000000116	7.680000000000003
400.8099999999977	8.220000000000002
400.8099999999977	8.222000000000001
400.8199999999997	8.240000000000002
400.8199999999997	8.244000000000003
401.08000000000175	8.05
453.94999999999703	8.830000000000002
453.94999999999703	8.830000000000002
603.9499999999971	9.510000000000002
603.9499999999971	9.510000000000002
634.9499999999971	9.560000000000002
634.9499999999971	9.560000000000002
659.9499999999971	9.530000000000001
659.9499999999971	9.530000000000001
670.0699999999997	9.55
670.0699999999997	9.55
671.0699999999997	9.580000000000002
671.0699999999997	9.580000000000002
685.9499999999971	9.64
685.9499999999971	9.64
728.8799999999974	9.770000000000003
728.8799999999974	9.770000000000003
1053.0599999999977	10.010000000000002
1053.0599999999977	10.010000000000002
1784.0499999999956	10.040000000000003
1784.0499999999956	10.040000000000003
/
-9.199999999997095	1.1400000000000006
-9.119999999995347	1.1159999999999997
-9.100800000000174	1.2119999999999997
-8.129999999997384	0.7240000000000002
-8.099999999998554	0.75
-7.199999999997095	0.5799999999999983
-6.199999999997095	0.41000000000000014
-6.009999999994768	0.3200000000000003
-6.0	0.3299999999999983
-5.199999999997095	0.2699999999999996
-4.0	0.14000000000000057
-3.199999999997095	0.14000000000000057
-3.129999999997384	0.09100000000000108
-3.0999999999985532	0.08999999999999986
-2.199999999997095	0.030000000000001137
-1.199999999997095	0.00999999999999801
0.0	0.0
0.9000000000014468	0.00999999999999801
3.8800000000046526	0.1789999999999985
3.9000000000014468	0.14000000000000057
4.49060000000463	0.2890000000000015
4.800000000002905	0.23999999999999844
4.85000000000581	0.2680000000000007
4.900000000001447	0.23999999999999844
5.800000000002905	0.33999999999999986
6.800000000002905	0.4299999999999997
6.800000000002905	0.4499999999999993
6.8300000000017365	0.43100000000000094
7.800000000002905	0.5199999999999996
7.840000000003773	0.5259999999999998
7.900000000001447	0.48999999999999844
8.800000000002905	0.6400000000000006
9.800000000002905	0.6900000000000013
9.85000000000581	0.7330000000000005
9.900000000001446	0.6799999999999997
10.800000000002905	0.8299999999999983
11.800000000002905	0.879999999999999
12.800000000002905	1.0399999999999991
13.900000000001446	1.0799999999999983
13.900000000001446	1.1219999999999999
14.800000000002905	1.1799999999999997
14.889999999999409	1.218
14.900000000001446	1.1499999999999986
15.800000000002905	1.2800000000000011
17.900000000001448	1.4699999999999989
18.800000000002907	1.4699999999999989
18.880000000004653	1.5150000000000006
18.900000000001448	1.4400000000000013
19.800000000002907	1.5500000000000007
20.900000000001448	1.6000000000000014
21.950000000004362	1.7330000000000005
22.800000000002907	1.6699999999999982
23.800000000002907	1.7300000000000004
23.840000000003773	1.8079999999999998
23.900000000001448	1.7800000000000011
24.900000000001448	1.8099999999999987
25.870000000002616	1.9209999999999994
26.900000000001448	1.879999999999999
27.800000000002907	1.9199999999999982
28.800000000002907	2.0
29.760000000002037	2.0360000000000014
30.800000000002907	2.0799999999999983
31.800000000002907	2.09
32.8000000000029	2.2300000000000004
35.8000000000029	2.1400000000000006
36.8000000000029	2.1400000000000006
36.8000000000029	2.16
36.83000000000174	2.262999999999998
37.90000000000145	2.289999999999999
38.8000000000029	2.2399999999999984
39.8000000000029	2.34
40.8000000000029	2.6799999999999997
40.87000000000261	2.335000000000001
40.90000000000145	2.2699999999999996
42.8000000000029	2.41
42.83000000000174	2.437000000000001
43.8000000000029	2.219999999999999
44.8000000000029	2.3900000000000006
46.8000000000029	2.419999999999998
48.8000000000029	2.632999999999999
48.8000000000029	2.919999999999998
49.8000000000029	2.6499999999999986
52.8000000000029	2.6159999999999997
60.8000000000029	2.879999999999999
69.80000000000291	3.0700000000000003
71.80000000000291	3.5199999999999996
113.80000000000291	3.710000000000001
/
