-17.963693865372598
-16.849964572458532
-18.35182908963565
-17.28292
-17.704496789428774
-17.734376208558032
-16.423785769878187
-15.186130880489685
-16.517239283598677
-16.85374246802302
-17.82361212279352
-19.476336049840363
-16.076149663146552
-18.56129588725814
-16.94813846917136
-14.80469673985409
-15.747556473669597
-16.406386739854085
-18.843628514878326
-17.641999971490343
-16.73388689476785
-15.00031017839119
-17.947542426378707
-17.679508469171367
-15.925589913279627
-15.484796744213522
-15.740669913279625
-17.875747152464772
-17.21662166605215
-16.03240252551653
-16.247842605879086
-16.351526739854087
-15.665436473669597
-16.69056274726791
-17.119096803872928
-17.258746597951824
-17.098857726393405
-17.48754620855803
-18.580016276985933
-17.65152318927074
-16.732604585211277
-16.512329699389436
-16.34862005821072
