0.000000000000000000e+00
-5.950000000004363798e+00
-8.700000000026157920e-01
-3.269999999996805684e+00
0.000000000000000000e+00
-6.949999999997083400e+00
0.000000000000000000e+00
0.000000000000000000e+00
0.000000000000000000e+00
-3.930000000000289262e+00
0.000000000000000000e+00
0.000000000000000000e+00
0.000000000000000000e+00
-1.390000000000144631e+01
-1.996999999999388820e+01
0.000000000000000000e+00
0.000000000000000000e+00
-1.800590000000373792e+01
0.000000000000000000e+00
-7.110000000000590070e+00
-8.919999999998251994e+00
0.000000000000000000e+00
-9.093899999999848660e+00
-3.198310000000493147e+01
-1.209999999999855369e+01
0.000000000000000000e+00
0.000000000000000000e+00
-1.115471999999863506e+01
-4.940000000002326530e+00
-5.500000000029167113e-01
0.000000000000000000e+00
-1.020799999998414309e+00
0.000000000000000000e+00
-5.049200000001296651e+00
-1.689030000001365828e+00
-1.594900000000052032e+01
-2.289419999999517330e+01
0.000000000000000000e+00
0.000000000000000000e+00
-5.950000000004363798e+00
0.000000000000000000e+00
0.000000000000000000e+00
-3.930000000000289262e+00
-4.519999999996794138e+00
0.000000000000000000e+00
0.000000000000000000e+00
-1.390000000000144631e+01
-1.996999999999388820e+01
0.000000000000000000e+00
-6.580000000001748006e+00
-2.250000005011573885e-03
-8.979999999995925464e+00
-1.938560000002326422e+00
-6.141229999993819355e+00
-7.900000000001447198e+00
-7.230000000003205862e+00
-2.000000000000000000e+00
-3.671000000031249960e-02
-6.970000000001168594e+00
0.000000000000000000e+00
-9.800000000031944269e-01
-9.093899999999848660e+00
0.000000000000000000e+00
-1.209999999999855369e+01
0.000000000000000000e+00
-5.025930000003425491e+00
0.000000000000000000e+00
-9.000000000014583001e-01
0.000000000000000000e+00
-2.000000000000000000e+00
0.000000000000000000e+00
-4.940000000002326530e+00
-5.500000000029167113e-01
-1.928000000043981338e-02
0.000000000000000000e+00
-9.033029999998692716e+00
-7.959999999999120668e+00
0.000000000000000000e+00
-2.068999999995868144e+00
0.000000000000000000e+00
0.000000000000000000e+00
0.000000000000000000e+00
0.000000000000000000e+00
0.000000000000000000e+00
-3.930000000000300808e+00
-1.488000000000465306e+01
-1.022999999999592546e+01
-1.190899999999964187e+01
-1.459999999497685157e-02
