1.18671e-1; 5.71429e-4
2.37342e-1; 5.71429e-4
3.16456e-1; 1.14286e-3
3.56013e-1; 1.14286e-3
3.95570e-1; 1.71429e-3
4.35127e-1; 2.28571e-3
5.14241e-1; 2.85714e-3
5.70663e-1; 3.00554e-3
6.35671e-1; 3.35770e-3
7.00680e-1; 3.82724e-3
7.65688e-1; 4.17940e-3
8.30696e-1; 4.76633e-3
8.95705e-1; 5.11849e-3
9.60713e-1; 5.47065e-3
1.02572e+0; 5.94020e-3
1.09073e+0; 6.29236e-3
1.15574e+0; 6.76190e-3
1.22075e+0; 7.23145e-3
1.28575e+0; 7.58361e-3
1.35076e+0; 8.05316e-3
1.41577e+0; 8.52270e-3
1.48078e+0; 8.99225e-3
1.54579e+0; 9.34441e-3
1.61080e+0; 9.81395e-3
1.67580e+0; 1.04009e-2
1.74081e+0; 1.08704e-2
1.80582e+0; 1.13400e-2
1.87083e+0; 1.18095e-2
1.93584e+0; 1.22791e-2
2.00085e+0; 1.27486e-2
2.06585e+0; 1.32182e-2
2.13086e+0; 1.38051e-2
2.19587e+0; 1.43920e-2
2.26088e+0; 1.48616e-2
2.32589e+0; 1.54485e-2
2.39090e+0; 1.59181e-2
2.45590e+0; 1.63876e-2
2.52091e+0; 1.68571e-2
2.58592e+0; 1.74441e-2
2.65093e+0; 1.79136e-2
2.71594e+0; 1.85006e-2
2.78095e+0; 1.92049e-2
2.84595e+0; 1.99092e-2
2.91096e+0; 2.06135e-2
2.97597e+0; 2.10831e-2
3.04098e+0; 2.16700e-2
3.10599e+0; 2.22569e-2
3.17100e+0; 2.29612e-2
3.23600e+0; 2.37829e-2
3.30101e+0; 2.44873e-2
3.36602e+0; 2.49568e-2
3.43103e+0; 2.55437e-2
3.49604e+0; 2.62481e-2
3.56105e+0; 2.70698e-2
3.62605e+0; 2.77741e-2
3.69106e+0; 2.83610e-2
3.75607e+0; 2.91827e-2
3.82108e+0; 2.98870e-2
3.88609e+0; 3.08261e-2
3.95110e+0; 3.17652e-2
4.01610e+0; 3.24695e-2
4.08111e+0; 3.29391e-2
4.14612e+0; 3.41130e-2
4.21113e+0; 3.49347e-2
4.27614e+0; 3.55216e-2
4.34115e+0; 3.63433e-2
4.40615e+0; 3.75172e-2
4.47116e+0; 3.85736e-2
4.53617e+0; 3.93953e-2
4.60118e+0; 4.02171e-2
4.66619e+0; 4.11561e-2
4.73120e+0; 4.20952e-2
4.79620e+0; 4.30343e-2
4.86121e+0; 4.39734e-2
4.92622e+0; 4.50299e-2
4.99123e+0; 4.63212e-2
5.05624e+0; 4.72602e-2
5.12125e+0; 4.81993e-2
5.18626e+0; 4.91384e-2
5.25126e+0; 5.04297e-2
5.31627e+0; 5.14862e-2
5.38128e+0; 5.25426e-2
5.44629e+0; 5.35991e-2
5.51130e+0; 5.46556e-2
5.57631e+0; 5.60642e-2
5.64131e+0; 5.73555e-2
5.70632e+0; 5.81772e-2
5.77133e+0; 5.89989e-2
5.83634e+0; 5.99380e-2
5.89399e+0; 6.05714e-2
5.93354e+0; 6.22857e-2
5.93354e+0; 6.11429e-2
5.97310e+0; 6.34286e-2
5.97310e+0; 6.28571e-2
6.05222e+0; 6.45714e-2
6.09177e+0; 6.51429e-2
6.12888e+0; 6.60421e-2
6.19388e+0; 6.73333e-2
6.25889e+0; 6.83898e-2
6.35641e+0; 7.00332e-2
6.42141e+0; 7.16766e-2
6.48642e+0; 7.29679e-2
6.55143e+0; 7.41417e-2
6.61644e+0; 7.56678e-2
6.68145e+0; 7.70764e-2
6.74646e+0; 7.84850e-2
6.81146e+0; 7.98937e-2
6.87647e+0; 8.13023e-2
6.94148e+0; 8.28283e-2
7.00649e+0; 8.38848e-2
7.07150e+0; 8.51761e-2
7.13651e+0; 8.69369e-2
7.20151e+0; 8.84629e-2
7.26652e+0; 8.98715e-2
7.33153e+0; 9.13976e-2
7.39654e+0; 9.29236e-2
7.46155e+0; 9.42148e-2
7.52656e+0; 9.57409e-2
7.59156e+0; 9.72669e-2
7.65657e+0; 9.87929e-2
7.72158e+0; 9.98494e-2
7.78659e+0; 1.01023e-1
7.85160e+0; 1.02432e-1
7.91661e+0; 1.03606e-1
7.98161e+0; 1.05014e-1
8.04662e+0; 1.06658e-1
8.11163e+0; 1.08301e-1
8.17664e+0; 1.09240e-1
8.24165e+0; 1.10179e-1
8.30666e+0; 1.11353e-1
8.37166e+0; 1.12527e-1
8.43667e+0; 1.13584e-1
8.50168e+0; 1.14640e-1
8.56669e+0; 1.15227e-1
8.63170e+0; 1.15931e-1
8.69671e+0; 1.16283e-1
8.76171e+0; 1.16283e-1
8.82672e+0; 1.16283e-1
8.89173e+0; 1.16283e-1
8.95674e+0; 1.16283e-1
9.02175e+0; 1.15814e-1
9.08676e+0; 1.15697e-1
9.15176e+0; 1.15344e-1
9.21677e+0; 1.14875e-1
9.28178e+0; 1.14405e-1
9.34679e+0; 1.13701e-1
9.41180e+0; 1.12997e-1
9.47681e+0; 1.12292e-1
9.54181e+0; 1.11588e-1
9.60682e+0; 1.10649e-1
9.67183e+0; 1.09827e-1
9.73684e+0; 1.09123e-1
9.80185e+0; 1.08301e-1
9.86686e+0; 1.07362e-1
9.93186e+0; 1.06423e-1
9.99687e+0; 1.05484e-1
1.00619e+1; 1.04427e-1
1.01269e+1; 1.03254e-1
1.01919e+1; 1.02432e-1
1.02569e+1; 1.01493e-1
1.03219e+1; 1.00319e-1
1.03869e+1; 9.96146e-2
1.04519e+1; 9.87929e-2
1.05169e+1; 9.77364e-2
1.05819e+1; 9.65626e-2
1.06470e+1; 9.56235e-2
1.07120e+1; 9.45670e-2
1.07770e+1; 9.33931e-2
1.08420e+1; 9.23367e-2
1.09070e+1; 9.10454e-2
1.09720e+1; 8.99889e-2
1.10370e+1; 8.90498e-2
1.11020e+1; 8.78760e-2
1.11670e+1; 8.65847e-2
1.12320e+1; 8.52935e-2
1.12970e+1; 8.43544e-2
1.13620e+1; 8.32979e-2
1.14271e+1; 8.22414e-2
1.14921e+1; 8.10676e-2
1.15571e+1; 8.01285e-2
1.16221e+1; 7.91894e-2
1.16871e+1; 7.82503e-2
1.17521e+1; 7.71938e-2
1.18009e+1; 7.63721e-2
1.18671e+1; 7.60000e-2
1.19066e+1; 7.42857e-2
1.19796e+1; 7.34374e-2
1.20446e+1; 7.26157e-2
1.21096e+1; 7.16766e-2
1.21584e+1; 7.09723e-2
1.22231e+1; 7.02857e-2
1.23022e+1; 6.91429e-2
1.23418e+1; 6.80000e-2
1.23813e+1; 6.74286e-2
1.24347e+1; 6.61595e-2
1.24997e+1; 6.52204e-2
1.25647e+1; 6.46334e-2
1.26297e+1; 6.39291e-2
1.26947e+1; 6.29900e-2
1.27597e+1; 6.20509e-2
1.28247e+1; 6.11118e-2
1.28897e+1; 6.01728e-2
1.29548e+1; 5.89989e-2
1.30198e+1; 5.80598e-2
1.30848e+1; 5.72381e-2
1.31498e+1; 5.64164e-2
1.32148e+1; 5.57121e-2
1.32798e+1; 5.47730e-2
1.33448e+1; 5.38339e-2
1.34098e+1; 5.28948e-2
1.34748e+1; 5.21905e-2
1.35398e+1; 5.14862e-2
1.36048e+1; 5.05471e-2
1.36698e+1; 4.96080e-2
1.37349e+1; 4.89037e-2
1.37999e+1; 4.81993e-2
1.38649e+1; 4.74950e-2
1.39299e+1; 4.66733e-2
1.39949e+1; 4.58516e-2
1.40599e+1; 4.50299e-2
1.41249e+1; 4.42082e-2
1.41899e+1; 4.37386e-2
1.42549e+1; 4.31517e-2
1.43199e+1; 4.23300e-2
1.43849e+1; 4.16257e-2
1.44499e+1; 4.09214e-2
1.45150e+1; 4.04518e-2
1.45800e+1; 3.98649e-2
1.46450e+1; 3.90432e-2
1.47100e+1; 3.81041e-2
1.47750e+1; 3.75172e-2
1.48400e+1; 3.70476e-2
1.49050e+1; 3.64607e-2
1.49700e+1; 3.58738e-2
1.50350e+1; 3.52868e-2
1.51000e+1; 3.46999e-2
1.51650e+1; 3.39956e-2
1.52300e+1; 3.34086e-2
1.52951e+1; 3.25869e-2
1.53601e+1; 3.21174e-2
1.54251e+1; 3.17652e-2
1.54901e+1; 3.11783e-2
1.55551e+1; 3.07087e-2
1.56201e+1; 3.00044e-2
1.56851e+1; 2.93001e-2
1.57501e+1; 2.88306e-2
1.58151e+1; 2.83610e-2
1.58801e+1; 2.78915e-2
1.59451e+1; 2.74219e-2
1.60101e+1; 2.69524e-2
1.60752e+1; 2.64828e-2
1.61402e+1; 2.60133e-2
1.62052e+1; 2.55437e-2
1.62702e+1; 2.50742e-2
1.63352e+1; 2.47220e-2
1.64002e+1; 2.41351e-2
1.64652e+1; 2.36656e-2
1.65302e+1; 2.31960e-2
1.65952e+1; 2.26091e-2
1.66602e+1; 2.23743e-2
1.67252e+1; 2.19048e-2
1.67902e+1; 2.16700e-2
1.68553e+1; 2.12004e-2
1.69203e+1; 2.07309e-2
1.69853e+1; 2.02614e-2
1.70503e+1; 2.00266e-2
1.71153e+1; 1.99092e-2
1.71803e+1; 1.94396e-2
1.72453e+1; 1.89701e-2
1.73103e+1; 1.85006e-2
1.73753e+1; 1.80310e-2
1.74403e+1; 1.75615e-2
1.75053e+1; 1.72093e-2
1.75703e+1; 1.69745e-2
1.76354e+1; 1.67398e-2
1.77004e+1; 1.65050e-2
1.77654e+1; 1.60354e-2
1.78304e+1; 1.58007e-2
1.78954e+1; 1.53311e-2
1.79604e+1; 1.52137e-2
1.80254e+1; 1.48616e-2
1.80904e+1; 1.45094e-2
1.81554e+1; 1.43920e-2
1.82204e+1; 1.39225e-2
1.82854e+1; 1.36877e-2
1.83504e+1; 1.34529e-2
1.84155e+1; 1.29834e-2
1.84805e+1; 1.27486e-2
1.85455e+1; 1.25138e-2
1.86105e+1; 1.22791e-2
1.86755e+1; 1.20443e-2
1.87405e+1; 1.15748e-2
1.88055e+1; 1.13400e-2
1.88705e+1; 1.11052e-2
1.89355e+1; 1.09878e-2
1.90005e+1; 1.06357e-2
1.90655e+1; 1.06357e-2
1.91305e+1; 1.01661e-2
1.91956e+1; 1.01661e-2
1.92606e+1; 9.69657e-3
1.93256e+1; 9.69657e-3
1.93906e+1; 9.46179e-3
1.94556e+1; 9.22702e-3
1.95206e+1; 8.99225e-3
1.95856e+1; 8.75748e-3
1.96506e+1; 8.52270e-3
1.97156e+1; 8.28793e-3
1.97806e+1; 8.28793e-3
1.98456e+1; 8.05316e-3
1.99106e+1; 7.81838e-3
1.99757e+1; 7.70100e-3
2.00407e+1; 7.34884e-3
2.01057e+1; 7.34884e-3
2.01707e+1; 6.87929e-3
2.02357e+1; 6.87929e-3
2.03007e+1; 6.87929e-3
2.03657e+1; 6.40975e-3
2.04307e+1; 6.40975e-3
2.04957e+1; 6.17497e-3
2.05607e+1; 5.94020e-3
2.06257e+1; 5.94020e-3
2.06907e+1; 5.70543e-3
2.07558e+1; 5.47065e-3
2.08208e+1; 5.47065e-3
2.08858e+1; 5.23588e-3
2.09508e+1; 5.00111e-3
2.10158e+1; 5.00111e-3
2.10808e+1; 5.00111e-3
2.11458e+1; 4.88372e-3
2.12108e+1; 4.53156e-3
2.12758e+1; 4.53156e-3
2.13408e+1; 4.06202e-3
2.14058e+1; 4.06202e-3
2.14708e+1; 4.06202e-3
2.15359e+1; 4.06202e-3
2.16009e+1; 3.59247e-3
2.16659e+1; 3.59247e-3
2.17309e+1; 3.59247e-3
2.17959e+1; 3.24031e-3
2.18609e+1; 3.12292e-3
2.19259e+1; 3.12292e-3
2.19937e+1; 2.85714e-3
2.20728e+1; 2.85714e-3
2.21519e+1; 2.85714e-3
2.22508e+1; 2.85714e-3
2.23101e+1; 2.28571e-3
2.23892e+1; 2.28571e-3
2.24288e+1; 2.28571e-3
2.25079e+1; 2.28571e-3
2.25870e+1; 1.71429e-3
2.26661e+1; 1.71429e-3
2.27057e+1; 1.71429e-3
2.27453e+1; 1.71429e-3
2.28244e+1; 1.71429e-3
2.29035e+1; 1.14286e-3
2.30310e+1; 2.66519e-4
2.30961e+1; 4.62163e-4
2.31611e+1; 1.88261e-4
2.32261e+1; 3.05648e-4
2.32911e+1; 3.05648e-4
2.33561e+1; 7.08749e-5
2.34211e+1; 7.08749e-5
2.34861e+1; 7.08749e-5
2.35511e+1; 7.08749e-5
2.36161e+1; 7.08749e-5
2.36811e+1; 7.08749e-5
2.37461e+1; 7.08749e-5
2.38111e+1; 7.08749e-5
2.38762e+1; 7.08749e-5
2.39412e+1; 7.08749e-5
2.40008e+1; -1.63898e-4
2.40712e+1; 7.08749e-5
2.41362e+1; 7.08749e-5
2.42012e+1; 7.08749e-5
2.42662e+1; 7.08749e-5
2.43312e+1; 7.08749e-5
2.43962e+1; 7.08749e-5
2.44612e+1; 7.08749e-5
2.45262e+1; 7.08749e-5
2.45912e+1; 7.08749e-5
2.46563e+1; 7.08749e-5
2.47213e+1; 7.08749e-5
2.47863e+1; 7.08749e-5
2.48513e+1; 7.08749e-5
2.49163e+1; 7.08749e-5
